;not_spam_id
0;
1;1430200876
2;467542724
3;191353748
4;164665393
5;159593226
6;1173846440
7;163823865
8;158323201
9;56181658
10;529508385
11;76546014
12;532202990
13;538731463
14;279469984
15;802333222
16;325769634
17;259507425
18;864748947
19;113146
20;479073272
21;338277352
22;396236605
23;230070056
24;1494262070
25;158603886
26;183579626
27;429731807
28;47834942
29;377600457
30;544527321
31;73941839
32;3335654
33;87936370
34;1041797002
35;153169825
36;342793698
37;320432115
38;512979391
39;137600529
40;362666715
41;477629875
42;450184137
43;74361883
44;773012841
45;1216832150
46;148158343
47;310291639
48;199994365
49;160635296
50;308124981
51;220587840
52;3381792
53;330766093
54;306967744
55;296372799
56;915877249
57;512137870
58;596232030
59;263279259
60;686791997
61;599380743
62;406193611
63;314967164
64;139912570
65;878778673
66;276427427
67;58725603
68;382264111
69;711842562
70;100132404
71;201969910
72;296850472
73;215349643
74;283605197
75;339379823
76;372946181
77;217430505
78;251015999
79;503066369
80;252637685
81;384400080
82;774448062
83;1053185260
84;181078514
85;266248807
86;76126045
87;264590876
88;390994237
89;963998433
90;1119851174
91;268215319
92;123467463
93;383317764
94;208858209
95;482152142
96;75622129
97;411824512
98;1074012442
99;112744404
100;242478171
101;176479386
102;490992382
103;476341736
104;171300655
105;408972576
106;734713879
107;438008122
108;407247635
109;123076335
110;717093053
111;447575080
112;581853799
113;237153648
114;182869679
115;506186446
116;743411003
117;220035096
118;562550011
119;1271112465
120;771842893
121;379466962
122;383118213
123;53169359
124;61181133
125;826224518
126;23466746
127;498154466
128;289078892
129;70869180
130;205546404
131;999179140
132;117782256
133;104331299
134;481424370
135;1055835225
136;122291311
137;378820517
138;433870103
139;251755913
140;565983910
141;72023148
142;639851500
143;249902243
144;403094219
145;1394788124
146;1346148581
147;664180376
148;470265532
149;196163827
150;835493698
151;211091232
152;1401136882
153;1119971616
154;398966845
155;269314256
156;1289598029
157;65466715
158;431687242
159;1040729767
160;290809359
161;1420037240
162;771787292
163;444174279
164;323390470
165;123286860
166;249573523
167;474130433
168;407418236
169;1323258224
170;479457719
171;116297527
172;346317862
173;120341928
174;1285314383
175;946747152
176;188572872
177;79652610
178;484756871
179;1224349725
180;59510514
181;725429685
182;97922803
183;388076121
184;252930635
185;122237952
186;475557051
187;134278157
188;474138292
189;380207703
190;567105154
191;286345880
192;108571458
193;246161727
194;136985361
195;345705464
196;820164427
197;413366045
198;201841049
199;192075462
200;107894085
201;57653017
202;332894272
203;1409444967
204;458445864
205;485593522
206;799314937
207;881992060
208;113541393
209;613347618
210;474119900
211;342152312
212;135205767
213;416644823
214;4566794
215;360354814
216;3600690
217;202025769
218;1600197
219;592363649
220;9191616
221;275105317
222;795689664
223;407699022
224;151711086
225;886332766
226;390352562
227;254771137
228;276441117
229;128081999
230;427357316
231;297872767
232;331822159
233;383053151
234;224530564
235;626174517
236;405778883
237;91763393
238;476906462
239;387083796
240;101762444
241;463908165
242;209137650
243;355263839
244;273228713
245;272343147
246;58338595
247;335819308
248;229647463
249;60177728
250;299205535
251;337579488
252;1036777678
253;464992606
254;928495043
255;1112144039
256;815335896
257;350750385
258;470313941
259;235575989
260;143317939
261;14405417
262;448250544
263;331901153
264;505379102
265;402593650
266;1476104684
267;436356685
268;248393473
269;228198175
270;172012887
271;734326456
272;981096440
273;322627361
274;688290092
275;1003682279
276;55590890
277;69556836
278;111699032
279;667646773
280;218466776
281;308647213
282;251412299
283;393790264
284;539902693
285;956624205
286;145764260
287;298312399
288;230427812
289;126449544
290;367852310
291;326622256
292;938089456
293;159640944
294;126237254
295;293043204
296;856302300
297;324083389
298;168470463
299;1580907117
300;311275113
301;742238836
302;364993148
303;303110199
304;25898847
305;463053825
306;305889654
307;559968816
308;462844870
309;233156784
310;388146562
311;1074159695
312;249096281
313;172252729
314;720375499
315;192792202
316;50381570
317;114361735
318;461784590
319;946059263
320;252456129
321;53689203
322;41310886
323;152437719
324;136844492
325;966960155
326;275046611
327;778858952
328;211118294
329;827222527
330;181940377
331;460718499
332;473429696
333;335388538
334;310711876
335;366191853
336;1035697226
337;379057064
338;194747948
339;142811043
340;189879414
341;146076605
342;202191120
343;284369124
344;307334406
345;137032564
346;942406186
347;236060384
348;271899491
349;527223688
350;346812206
351;187774642
352;824769305
353;134922968
354;909956710
355;640291917
356;511197445
357;1000097779
358;416517276
359;321569369
360;662925019
361;1275857904
362;220115075
363;2113678
364;1659266717
365;140156460
366;801686928
367;117419621
368;117155150
369;321188245
370;564528127
371;87653603
372;472105499
373;113651759
374;882586770
375;804827096
376;404624334
377;49820636
378;278804163
379;787981378
380;322096719
381;777960445
382;500711056
383;391707140
384;389123473
385;305862921
386;277611336
387;1272955676
388;368451512
389;1327704482
390;47663060
391;223261921
392;127392386
393;1595267748
394;63769065
395;143303259
396;322309652
397;102167851
398;202615841
399;1018295877
400;60438364
401;457817811
402;300787728
403;333919653
404;202686342
405;646155200
406;384056065
407;268864008
408;39896055
409;270413008
410;1751441231
411;370862432
412;116342687
413;937082816
414;269695710
415;307183621
416;1635643412
417;749850692
418;136682575
419;1067321065
420;1405519164
421;1083059689
422;438443413
423;544218084
424;814759742
425;315971371
426;1474153825
427;127435043
428;349160445
429;424477100
430;112789223
431;463374332
432;554940680
433;109175970
434;1085265138
435;230725611
436;764923566
437;1898702514
438;427689776
439;825097013
440;100503661
441;87669079
442;342870193
443;770930688
444;1025300417
445;1248306679
446;454623234
447;153311
448;155623914
449;357202694
450;171604547
451;177444581
452;205154668
453;37960259
454;613458228
455;392148486
456;218103
457;524794800
458;1394618631
459;313494371
460;1606050997
461;492098017
462;385411170
463;600825343
464;440115032
465;725757064
466;1091068677
467;410888232
468;287323610
469;979130098
470;278469021
471;1602235260
472;446662894
473;335593110
474;200652108
475;340101587
476;37993982
477;517343794
478;1016046005
479;543713888
480;412622849
481;323301019
482;405629002
483;175030886
484;672830330
485;246104134
486;1551359370
487;148298904
488;267141398
489;410987863
490;368298714
491;141890978
492;291350142
493;224525124
494;495642926
495;423828645
496;293068520
497;1869183218
498;218686985
499;64895295
500;926109201
501;328012961
502;890721154
503;392878384
504;165066186
505;53921164
506;341885032
507;711123705
508;364457294
509;1124502047
510;403456809
511;1839090661
512;209225793
513;334137928
514;194251405
515;137717560
516;1621478
517;554900504
518;73535539
519;311295666
520;157496118
521;730588097
522;232190094
523;231955636
524;898616414
525;233061929
526;207925896
527;1370016517
528;891198131
529;100189390
530;469809213
531;227684080
532;1727807650
533;348082715
534;161890183
535;679953954
536;31497163
537;394693926
538;359179631
539;217710738
540;397753946
541;1346339520
542;630549089
543;153969613
544;531256056
545;520500581
546;46677442
547;216534905
548;234808089
549;614876176
550;671116551
551;227710064
552;478569961
553;470901886
554;246066801
555;3510700
556;801142689
557;502269906
558;830410707
559;275518992
560;801551581
561;273834653
562;488638032
563;223261535
564;511372842
565;272942704
566;1290531426
567;50689776
568;643724343
569;191360839
570;880198327
571;511049047
572;1439505843
573;370058329
574;122893193
575;197949392
576;528247676
577;461479327
578;393614605
579;445320343
580;1013758717
581;710514706
582;446262501
583;431029991
584;658649677
585;374837972
586;628917423
587;334770552
588;218341716
589;493987130
590;1802467782
591;357764404
592;266385483
593;547410073
594;1649396038
595;319366515
596;547205606
597;798527163
598;82713428
599;160407008
600;685393692
601;199637723
602;384192201
603;1654185755
604;547512572
605;472408013
606;102142723
607;102984912
608;849097326
609;524210938
610;158161389
611;563047161
612;218105516
613;575330407
614;725561199
615;59126523
616;82307226
617;367318262
618;1329522614
619;94693255
620;453325360
621;319010863
622;600202746
623;130844316
624;484353437
625;692355571
626;1035474515
627;95493126
628;260409767
629;390165881
630;374344909
631;595422869
632;163403020
633;265117195
634;378585848
635;514922544
636;472964663
637;161942240
638;730310116
639;726855319
640;445733135
641;241270898
642;465345428
643;325388997
644;1906555503
645;349279612
646;445444438
647;338570251
648;272231670
649;253670349
650;332472102
651;587710615
652;416376283
653;484625749
654;394697381
655;220428984
656;448360167
657;215047843
658;931552215
659;349551604
660;227793573
661;421744753
662;1958675924
663;213219964
664;318199798
665;360663507
666;94630996
667;710654664
668;295904416
669;106621353
670;1246635270
671;208316401
672;39863744
673;157481043
674;1469740145
675;774930656
676;396500217
677;432384597
678;535219501
679;1260327616
680;926814049
681;121130624
682;281524212
683;536117114
684;403953315
685;311946874
686;415041613
687;437883137
688;154743572
689;1293687530
690;250614405
691;196212568
692;997308555
693;562424628
694;68416154
695;707044221
696;795201457
697;300924981
698;533697145
699;107421820
700;406608922
701;125577780
702;699213919
703;413676076
704;277547082
705;760566134
706;720289103
707;296248928
708;607119269
709;906625332
710;196129345
711;1588509311
712;570362608
713;844385488
714;252639854
715;291931361
716;995352856
717;357098951
718;223191686
719;1255235900
720;169457207
721;961545226
722;5480
723;400734973
724;468015755
725;1445561010
726;279596654
727;625885635
728;46011841
729;491772884
730;168001448
731;906080903
732;172937885
733;1437256006
734;476908963
735;448057315
736;500138578
737;229905268
738;258684018
739;320845303
740;81238324
741;51142774
742;159665065
743;825345535
744;499917424
745;198438670
746;972432647
747;238369153
748;403123284
749;936120278
750;320099306
751;221889795
752;1295786279
753;153756945
754;78381575
755;1001606966
756;849293803
757;1162167668
758;270401338
759;403354790
760;163757415
761;540243534
762;448721087
763;343226851
764;1519081960
765;164799500
766;32394996
767;648787374
768;828189536
769;1147471348
770;437644961
771;113205937
772;887091668
773;1815210450
774;347916850
775;437045240
776;106170659
777;208108304
778;1574675680
779;429097757
780;213375221
781;479929838
782;389039520
783;578552868
784;106615404
785;897568691
786;287701517
787;632802683
788;373886176
789;1227075404
790;685094153
791;425453968
792;452778520
793;331328504
794;300225392
795;264972280
796;193553429
797;1221856289
798;84404715
799;36535494
800;456249087
801;383881456
802;410885384
803;166317352
804;35820379
805;1242614314
806;683251930
807;375216681
808;244190421
809;243760760
810;126870144
811;248140026
812;126995491
813;3768210
814;364563004
815;293947789
816;982116
817;386318335
818;773621936
819;1438513490
820;242497526
821;230009474
822;403394134
823;718860892
824;469806596
825;362540265
826;356875678
827;491166539
828;1086738550
829;2958823
830;1828453869
831;350209843
832;289075368
833;347873772
834;71246067
835;475527168
836;699808678
837;581092526
838;50773875
839;1125774409
840;202193293
841;106435961
842;100249777
843;169797431
844;447547213
845;71969793
846;230865965
847;699093385
848;190647935
849;107030826
850;335041479
851;249554831
852;798378192
853;337365435
854;144194334
855;388091466
856;512655125
857;56614721
858;464073977
859;337081108
860;97208920
861;184660955
862;185679911
863;194033135
864;484470427
865;1063710232
866;43530159
867;307407377
868;1272586053
869;388791656
870;67706425
871;479894965
872;1755247872
873;202192455
874;925007646
875;355029981
876;282828716
877;249398097
878;309549187
879;596257326
880;500774332
881;620276670
882;816889701
883;207279808
884;242221720
885;265871732
886;132679801
887;728729538
888;1431953031
889;331474519
890;164220584
891;409864833
892;204394315
893;872083704
894;1024902867
895;194336771
896;1482552095
897;1071172475
898;616309621
899;1995974715
900;263859448
901;171040690
902;360186627
903;483815198
904;226085373
905;36388198
906;395198102
907;188625717
908;1442132414
909;256975350
910;241595205
911;481961984
912;546516213
913;623458014
914;116940726
915;326866358
916;576118197
917;165458795
918;584359593
919;179404546
920;456753001
921;435547709
922;377052146
923;502699172
924;778600326
925;1711884551
926;689947575
927;41370701
928;584296445
929;1609229419
930;533227024
931;714080831
932;463099502
933;620498144
934;1542316712
935;331601402
936;59029105
937;346918497
938;316370651
939;470889722
940;484078454
941;159216941
942;465926433
943;455691238
944;191866429
945;418278562
946;726486142
947;1075004064
948;860525022
949;1409375815
950;532516318
951;1864609341
952;164360241
953;263808797
954;186988890
955;503642761
956;2007541690
957;508437925
958;723458325
959;283949617
960;972442673
961;678929903
962;819634253
963;475247492
964;45346342
965;610307580
966;492661621
967;236965874
968;270082368
969;977088457
970;285856369
971;281891168
972;253856407
973;112032043
974;523680677
975;750393746
976;2042028114
977;691491145
978;1104708535
979;245856593
980;428764853
981;846975763
982;538715048
983;376462955
984;912575611
985;76333706
986;317754885
987;1252807289
988;526452684
989;78176509
990;247057011
991;457289796
992;313472941
993;526144931
994;1228503639
995;193859718
996;154355629
997;1363404604
998;132408012
999;685308716
1000;1022589582
1001;426465032
1002;115014563
1003;400229056
1004;1366254364
1005;487358792
1006;466008663
1007;418560162
1008;219436199
1009;1152320052
1010;817006055
1011;99905396
1012;596925996
1013;732742897
1014;1785498271
1015;10695877
1016;400112633
1017;164215648
1018;38497099
1019;365392397
1020;447061347
1021;342132776
1022;1768107300
1023;410508383
1024;480138440
1025;221427850
1026;479315295
1027;835442207
1028;422080915
1029;257407454
1030;587747624
1031;116751981
1032;173337338
1033;102681375
1034;290021730
1035;1380344420
1036;608091484
1037;339603195
1038;501843896
1039;611508262
1040;300192142
1041;55336461
1042;356005225
1043;381449497
1044;626404580
1045;546379906
1046;218541647
1047;705068932
1048;308825502
1049;566186324
1050;204002634
1051;691537794
1052;166089298
1053;482322517
1054;637102292
1055;774704434
1056;391189528
1057;265618466
1058;1047700180
1059;467424297
1060;149125941
1061;435759704
1062;425303746
1063;211579077
1064;164778675
1065;1597760336
1066;363082550
1067;329018735
1068;176705702
1069;488450094
1070;291046175
1071;244564741
1072;653013837
1073;716292331
1074;331054012
1075;135289948
1076;313908706
1077;201722027
1078;372921969
1079;464577541
1080;1131077627
1081;729556300
1082;314927163
1083;120435312
1084;1153884720
1085;444449547
1086;1881720736
1087;297767070
1088;200170745
1089;198493518
1090;1682175376
1091;1689866472
1092;79106660
1093;232305760
1094;296494651
1095;58297160
1096;405982753
1097;198364
1098;2126506269
1099;319241967
1100;642057467
1101;443570785
1102;166754739
1103;989588132
1104;737223730
1105;416145150
1106;409952112
1107;296935942
1108;864003959
1109;100048755
1110;1175930157
1111;722335660
1112;96154339
1113;387955484
1114;1050192164
1115;1343445425
1116;309254560
1117;339753461
1118;316023238
1119;271516456
1120;87604320
1121;438310817
1122;166171887
1123;610581877
1124;277137237
1125;147815028
1126;1718783620
1127;169397489
1128;180816239
1129;246785178
1130;300730192
1131;176415495
1132;44621304
1133;323626211
1134;866171154
1135;753585338
1136;161814664
1137;281034765
1138;447834738
1139;1271877842
1140;373820212
1141;139461280
1142;129118275
1143;133766928
1144;454374306
1145;1281777353
1146;610525753
1147;461087341
1148;417850211
1149;1873759092
1150;1748648126
1151;467228931
1152;373853425
1153;463298364
1154;180547059
1155;249991539
1156;139021504
1157;898434133
1158;366336732
1159;323675446
1160;103076737
1161;1088560276
1162;202129496
1163;148190822
1164;280616449
1165;1205555355
1166;157971131
1167;341420861
1168;247660792
1169;1494406968
1170;1052894289
1171;2077910401
1172;78606415
1173;466970818
1174;61523126
1175;420867585
1176;612396129
1177;227038940
1178;426336061
1179;258102976
1180;587002217
1181;484297677
1182;635574361
1183;1197169853
1184;351390051
1185;1148535697
1186;638586507
1187;132717084
1188;277949742
1189;249994135
1190;407499264
1191;148755344
1192;1134779886
1193;355502342
1194;974809976
1195;1018408326
1196;1201233801
1197;784646026
1198;286494242
1199;1129936110
1200;746287
1201;1678483
1202;1087957278
1203;1722868753
1204;369559938
1205;673170019
1206;731937796
1207;2088571385
1208;1728100829
1209;129106116
1210;279402458
1211;346234061
1212;447147993
1213;299487888
1214;364833893
1215;304115716
1216;106510748
1217;1785418484
1218;391370988
1219;426202246
1220;408044240
1221;172982636
1222;320053180
1223;223366507
1224;897215327
1225;316051174
1226;1654802017
1227;549766440
1228;942438943
1229;422057242
1230;933293040
1231;151105458
1232;2009464215
1233;407084155
1234;345827335
1235;677535648
1236;211445879
1237;146786779
1238;323486662
1239;288511237
1240;1208313986
1241;548974564
1242;1383552525
1243;5035562033
1244;571819
1245;1005990745
1246;406785985
1247;782680755
1248;169130311
1249;1629270174
1250;881829928
1251;470445521
1252;640895577
1253;309076207
1254;1029585768
1255;878370
1256;399085678
1257;108909257
1258;402684471
1259;327573938
1260;138656605
1261;183894264
1262;467477867
1263;74115363
1264;268679877
1265;1245663066
1266;152150964
1267;420385366
1268;225889004
1269;545492191
1270;1301038931
1271;1354420918
1272;715004501
1273;2100691050
1274;418670694
1275;5067656321
1276;695976478
1277;433537697
1278;93744585
1279;501757060
1280;486072667
1281;427357678
1282;494493483
1283;890902358
1284;823330036
1285;801912109
1286;438158397
1287;954006846
1288;393537814
1289;469787326
1290;1252593099
1291;331469467
1292;1721241256
1293;102100891
1294;524356280
1295;299357957
1296;972691413
1297;62384153
1298;729819
1299;707681263
1300;374741579
1301;299265936
1302;426532379
1303;760168023
1304;469635305
1305;342200830
1306;297328280
1307;469280766
1308;325005853
1309;1043311118
1310;48003886
1311;310105415
1312;526973932
1313;1925436752
1314;1078132438
1315;145082344
1316;735222895
1317;122001849
1318;988116375
1319;135879281
1320;337639219
1321;543236947
1322;758056641
1323;781870741
1324;1933732978
1325;589652369
1326;452932773
1327;988182109
1328;166528984
1329;301893888
1330;153838963
1331;12162367
1332;206760041
1333;584494088
1334;1764196816
1335;540688188
1336;1055184320
1337;478769369
1338;78756908
1339;789800618
1340;1054326747
1341;281893450
1342;304509132
1343;636804684
1344;759692370
1345;115332740
1346;173472548
1347;370360216
1348;409266917
1349;599992778
1350;329942244
1351;341148227
1352;582885459
1353;58096266
1354;793039883
1355;1485464844
1356;587930023
1357;1670784364
1358;706087652
1359;52866608
1360;1484607100
1361;605283315
1362;581332741
1363;140679901
1364;317727138
1365;320117024
1366;495031196
1367;131081297
1368;716753508
1369;411322465
1370;563373011
1371;979745629
1372;183673648
1373;1104156429
1374;221978012
1375;207585090
1376;54115522
1377;1362001040
1378;231225085
1379;1261289043
1380;722258125
1381;1108212506
1382;892673487
1383;1304505616
1384;365661308
1385;90967516
1386;218952434
1387;547722166
1388;252522006
1389;735745804
1390;723757007
1391;394920326
1392;484277427
1393;40196989
1394;217255520
1395;450228034
1396;342022085
1397;146093157
1398;2046485465
1399;126194546
1400;466249779
1401;1037707642
1402;677537479
1403;1784284769
1404;502489288
1405;970656472
1406;385567670
1407;200428870
1408;226661774
1409;120105448
1410;538715167
1411;241938194
1412;342653906
1413;1303343177
1414;1163577031
1415;1780925218
1416;339192714
1417;327462469
1418;465391360
1419;746336544
1420;880735704
1421;468142770
1422;268589542
1423;232753646
1424;295806645
1425;379935405
1426;883378229
1427;300571423
1428;498392149
1429;801439269
1430;41766449
1431;665593238
1432;1825920995
1433;886949672
1434;435038892
1435;1284176673
1436;1274122530
1437;981862321
1438;473456314
1439;1015937521
1440;322561217
1441;406108890
1442;575267900
1443;190744098
1444;475621715
1445;218704020
1446;154558235
1447;635047755
1448;497298183
1449;643262457
1450;45140015
1451;43723828
1452;982658720
1453;296630405
1454;857188176
1455;394469666
1456;622749509
1457;1569897078
1458;662822665
1459;5396428
1460;333188735
1461;130667511
1462;336726819
1463;743883726
1464;252921114
1465;488387177
1466;33762208
1467;555314677
1468;500683656
1469;1119637674
1470;181843408
1471;237925227
1472;1356467571
1473;480596387
1474;1921859434
1475;627289116
1476;149998233
1477;715846242
1478;185604193
1479;1023078297
1480;95997924
1481;846369925
1482;225522799
1483;378781431
1484;68936814
1485;381560023
1486;511685981
1487;922441530
1488;868675435
1489;1983415653
1490;58150305
1491;1137734354
1492;1074103336
1493;96971400
1494;289378033
1495;105817390
1496;62084
1497;421335926
1498;1255216202
1499;278803016
1500;569381934
1501;623046667
1502;381218196
1503;887898084
1504;5100043265
1505;195618677
1506;328345129
1507;794890567
1508;240583785
1509;673490295
1510;546045831
1511;1203113037
1512;855783244
1513;362871075
1514;1979308787
1515;3525640
1516;606607249
1517;457210807
1518;221900171
1519;339928793
1520;281678253
1521;175569335
1522;126778312
1523;782790493
1524;165276746
1525;821114146
1526;662655666
1527;1590378785
1528;448909146
1529;900729146
1530;1235549526
1531;303736014
1532;245500163
1533;44331264
1534;295812165
1535;877783364
1536;117972720
1537;454548210
1538;391957587
1539;1311570365
1540;230843475
1541;419240170
1542;330036646
1543;878635782
1544;411604791
1545;743001585
1546;450519191
1547;407280385
1548;438513642
1549;323570013
1550;113754494
1551;421734116
1552;1301177171
1553;394850592
1554;441161513
1555;795160376
1556;439699346
1557;810434296
1558;593847673
1559;324046772
1560;527650416
1561;1231601831
1562;353082301
1563;986852144
1564;750915728
1565;637521108
1566;276402831
1567;135607181
1568;139032517
1569;126537081
1570;415986507
1571;1259357793
1572;814828502
1573;402940069
1574;393961743
1575;906777172
1576;1336037745
1577;475896698
1578;49872096
1579;260941786
1580;629800562
1581;400425347
1582;43976478
1583;1799340511
1584;762107197
1585;411864669
1586;1001698576
1587;344972226
1588;441737557
1589;496483818
1590;380343032
1591;446919576
1592;537204141
1593;558659535
1594;866888406
1595;287235060
1596;270302163
1597;127570160
1598;690193452
1599;452291449
1600;170612394
1601;395142014
1602;807209762
1603;357643210
1604;280294219
1605;244545637
1606;120770028
1607;157709088
1608;458079805
1609;775017723
1610;1561273196
1611;1669951357
1612;725088433
1613;493797690
1614;150774638
1615;455974494
1616;1211554163
1617;431075071
1618;817787573
1619;567675957
1620;1423196937
1621;889565805
1622;373407580
1623;17835439
1624;895232645
1625;375519139
1626;1295860693
1627;1054830153
1628;295947195
1629;472453342
1630;2033458470
1631;466181980
1632;514307430
1633;478192804
1634;265611471
1635;332810449
1636;30745282
1637;262307211
1638;493085351
1639;145223028
1640;103244655
1641;123771771
1642;299532911
1643;357874644
1644;260605960
1645;151259664
1646;1715428291
1647;830123289
1648;1021171706
1649;275345477
1650;488322142
1651;916384985
1652;487989454
1653;860138273
1654;395422412
1655;690590073
1656;495428491
1657;380047078
1658;449935748
1659;392242127
1660;483841390
1661;427558576
1662;134429188
1663;125922707
1664;178064587
1665;75080132
1666;306524226
1667;603951727
1668;294608489
1669;110736618
1670;129516241
1671;438120234
1672;112085420
1673;1644538988
1674;692376013
1675;366494785
1676;198374189
1677;147187960
1678;577210752
1679;381934894
1680;523564694
1681;128617583
1682;601802236
1683;249961497
1684;1797587222
1685;993434580
1686;286367086
1687;69102369
1688;313115959
1689;573526283
1690;1371823422
1691;1189097711
1692;444188559
1693;219310235
1694;302097822
1695;255575302
1696;40937921
1697;806984660
1698;2002007092
1699;25564246
1700;5239259926
1701;383617698
1702;520298996
1703;341426722
1704;177007502
1705;1118051089
1706;263387435
1707;461774893
1708;719699943
1709;57687793
1710;517518642
1711;536855845
1712;324609267
1713;338846857
1714;304233192
1715;268999271
1716;381704644
1717;1319664564
1718;245933001
1719;1010031798
1720;1054842536
1721;283812466
1722;2073379606
1723;14007875
1724;1339650965
1725;469662732
1726;652682589
1727;413978302
1728;129843194
1729;753261362
1730;135402894
1731;367952778
1732;592999559
1733;270919546
1734;379211595
1735;194950062
1736;307294762
1737;725716481
1738;371577973
1739;263214637
1740;464256079
1741;321941454
1742;312724902
1743;356859903
1744;43117426
1745;393468855
1746;1600762529
1747;103847823
1748;134081679
1749;1370321332
1750;662023855
1751;907547738
1752;133521669
1753;374918034
1754;1800627298
1755;5127951406
1756;5215721166
1757;452790642
1758;886534128
1759;406883730
1760;246433750
1761;115373800
1762;601027796
1763;537523607
1764;571406015
1765;55762315
1766;951546456
1767;207402152
1768;151178189
1769;791578513
1770;128492041
1771;5017331524
1772;1877938535
1773;447779090
1774;212915935
1775;389133342
1776;361041052
1777;1020684958
1778;897302471
1779;250465332
1780;872449421
1781;954620652
1782;336043402
1783;590906107
1784;420444371
1785;1422178859
1786;740083745
1787;511484884
1788;1421202812
1789;681939853
1790;1431902720
1791;655636890
1792;407819650
1793;54985459
1794;818346024
1795;287380118
1796;1140901993
1797;440007469
1798;1947826391
1799;1630012929
1800;1295686017
1801;1364067964
1802;1117261960
1803;465454289
1804;499294217
1805;582003706
1806;911855059
1807;425043044
1808;1207518352
1809;214221326
1810;155251994
1811;473093998
1812;2100505
1813;714870166
1814;286978305
1815;207483124
1816;499657280
1817;332190131
1818;1078131745
1819;108311653
1820;741457546
1821;37853898
1822;742576567
1823;99315140
1824;262306408
1825;326728693
1826;220609540
1827;788781346
1828;428204307
1829;654699624
1830;360478888
1831;753138535
1832;380701154
1833;647960287
1834;1548559754
1835;797755869
1836;417881328
1837;200644452
1838;553362011
1839;437113406
1840;234045897
1841;333697317
1842;216005525
1843;931974809
1844;317724010
1845;289682514
1846;1181209494
1847;57994370
1848;313782556
1849;722770945
1850;1397560549
1851;147911079
1852;413468764
1853;5014852523
1854;509215510
1855;188542581
1856;812165212
1857;467184190
1858;190531044
1859;530438946
1860;559849387
1861;401247199
1862;76710785
1863;252199879
1864;81038656
1865;499466005
1866;1825256191
1867;146601127
1868;422838996
1869;406644777
1870;244991955
1871;361917426
1872;305004839
1873;396480232
1874;488329812
1875;113389549
1876;30057967
1877;1674368288
1878;342526751
1879;378937014
1880;122704065
1881;376538695
1882;2068314318
1883;318756719
1884;359681627
1885;385946966
1886;469831515
1887;5165258568
1888;651204158
1889;119297097
1890;1091357920
1891;94151666
1892;627066794
1893;189702519
1894;664697694
1895;279427422
1896;371715252
1897;1921046606
1898;295116926
1899;1098443831
1900;250773351
1901;963443560
1902;169216987
1903;360327184
1904;1128054839
1905;531053495
1906;452802660
1907;274053192
1908;71954823
1909;594693616
1910;1445849332
1911;369852387
1912;829739203
1913;813573447
1914;1038175330
1915;694083753
1916;195100403
1917;744398821
1918;148815695
1919;416609473
1920;493826544
1921;1019681645
1922;5284360735
1923;1805592337
1924;1075077963
1925;95468192
1926;1160960229
1927;467516951
1928;781532072
1929;545754739
1930;600092004
1931;291239336
1932;5369326895
1933;830627332
1934;187526474
1935;294530917
1936;195598501
1937;872676616
1938;360331937
1939;327944462
1940;1371286
1941;725135897
1942;541381732
1943;439290829
1944;105350248
1945;456326599
1946;343066222
1947;369105112
1948;403398999
1949;505400096
1950;148703496
1951;190485363
1952;224897531
1953;925535952
1954;139524818
1955;555646554
1956;172519384
1957;254855948
1958;967167625
1959;447310613
1960;828549192
1961;579124910
1962;577334427
1963;323768958
1964;139826344
1965;1790874986
1966;340995724
1967;231559911
1968;258460807
1969;380706946
1970;35156799
1971;1286959013
1972;508673731
1973;828424478
1974;294938126
1975;207232464
1976;1028018610
1977;5038668621
1978;143437869
1979;499393426
1980;1330959056
1981;1804851271
1982;897547756
1983;1284575440
1984;770353781
1985;591784540
1986;879942492
1987;302827233
1988;181402473
1989;247509130
1990;320337602
1991;683786897
1992;5080643417
1993;472863853
1994;408676986
1995;194726151
1996;171427171
1997;772142084
1998;39718062
1999;185036636
2000;1023840210
2001;430850425
2002;75070727
2003;376365067
2004;1215496785
2005;753336524
2006;175887387
2007;1908459166
2008;410287223
2009;746901250
2010;857725790
2011;344604964
2012;743283547
2013;1743557999
2014;687735957
2015;472705447
2016;730475522
2017;381345264
2018;757215634
2019;518785684
2020;449312823
2021;1172783621
2022;149606802
2023;1893274358
2024;57853393
2025;969950201
2026;174568015
2027;238575197
2028;353913958
2029;455891158
2030;112236453
2031;415765838
2032;443667685
2033;697547574
2034;246793707
2035;281611873
2036;266035794
2037;441787388
2038;168635906
2039;503087560
2040;147268327
2041;1938216231
2042;569156445
2043;292466824
2044;279345514
2045;64255889
2046;472876739
2047;270114661
2048;5159789870
2049;1404870957
2050;529142267
2051;1371474692
2052;357770030
2053;412553209
2054;403829853
2055;1026717532
2056;323043804
2057;448196647
2058;204855946
2059;147218327
2060;149356028
2061;105537340
2062;640663621
2063;1482715082
2064;1065322216
2065;41326588
2066;909448883
2067;633689237
2068;1285816809
2069;5066875766
2070;3438235
2071;122054578
2072;1313568402
2073;1034761216
2074;526743487
2075;799366541
2076;267674592
2077;763680559
2078;471251716
2079;5256244254
2080;173872916
2081;395539907
2082;496849683
2083;1000645318
2084;387667769
2085;973885358
2086;825364700
2087;935777628
2088;212486151
2089;638508621
2090;149229445
2091;471551550
2092;247050845
2093;432698870
2094;250223775
2095;169966659
2096;408980512
2097;293675455
2098;671442686
2099;55045878
2100;662916375
2101;120407271
2102;444731361
2103;351128213
2104;764189715
2105;574594954
2106;1979589217
2107;289120952
2108;125985373
2109;1051722714
2110;483161489
2111;1440411
2112;1235771879
2113;259327596
2114;501570592
2115;839801025
2116;785210211
2117;49542261
2118;319470550
2119;332543403
2120;931567537
2121;78823375
2122;327250238
2123;170159581
2124;917989385
2125;353758188
2126;1300041385
2127;277679892
2128;4119978
2129;195588140
2130;243327839
2131;118939143
2132;775845818
2133;152672158
2134;618547456
2135;112643306
2136;243972175
2137;1382140820
2138;437068408
2139;277852418
2140;507054501
2141;160351580
2142;736737195
2143;541368165
2144;81383900
2145;5229341297
2146;1894607972
2147;107619430
2148;1109663751
2149;288241814
2150;1498685874
2151;171335850
2152;23759088
2153;185419920
2154;629443344
2155;542589390
2156;418478626
2157;1025779397
2158;144855704
2159;249044398
2160;586876610
2161;117223130
2162;722395559
2163;380523885
2164;489036472
2165;451687643
2166;793866346
2167;492765678
2168;5117382754
2169;462501170
2170;161284513
2171;940246871
2172;839638901
2173;969545091
2174;133725738
2175;163836443
2176;155071758
2177;5326932911
2178;1213605052
2179;5304236029
2180;490659946
2181;1094116210
2182;516489999
2183;1022655850
2184;526004981
2185;347017327
2186;319600215
2187;425588130
2188;1014201407
2189;368563062
2190;384719036
2191;1008424439
2192;187545653
2193;184011426
2194;2789964
2195;5259707171
2196;1469371894
2197;549686103
2198;312878286
2199;1342372559
2200;300915957
2201;5133176688
2202;1123953741
2203;407390440
2204;839348503
2205;908177511
2206;5267570850
2207;214849844
2208;476115360
2209;846523402
2210;1444511418
2211;1617362367
2212;353236792
2213;812572339
2214;511643506
2215;308698731
2216;54035682
2217;44818172
2218;383611020
2219;820766989
2220;61762309
2221;288750262
2222;1159287978
2223;180428105
2224;223437295
2225;371262491
2226;561488977
2227;741651706
2228;916260689
2229;499633781
2230;258052086
2231;1089522245
2232;467532434
2233;173433509
2234;181550099
2235;581953045
2236;2144575544
2237;1498670767
2238;388771994
2239;452157399
2240;280156548
2241;361522075
2242;1326998649
2243;2129092113
2244;296387517
2245;195078585
2246;346277093
2247;367219391
2248;245466673
2249;370714427
2250;1460389482
2251;225327606
2252;383841701
2253;1317815902
2254;394424026
2255;386865403
2256;1125963600
2257;1121877008
2258;679761987
2259;5551844946
2260;352062222
2261;2051332536
2262;680301211
2263;355136535
2264;1885865663
2265;1184529401
2266;958384852
2267;470007001
2268;240607494
2269;522126736
2270;147803273
2271;1392864308
2272;1228576064
2273;537362602
2274;324766242
2275;618673597
2276;257130634
2277;391219298
2278;1760146057
2279;453593208
2280;273386295
2281;950475952
2282;272214434
2283;224617194
2284;699767424
2285;373629214
2286;5229035258
2287;1448877950
2288;1157457215
2289;166634804
2290;805229624
2291;589534716
2292;941434925
2293;209269216
2294;436300330
2295;458028351
2296;174501443
2297;5421234767
2298;1628251309
2299;345377479
2300;155783200
2301;379430168
2302;425939364
2303;5105941791
2304;340305208
2305;255881595
2306;257183492
2307;1065228680
2308;1007286999
2309;841648302
2310;2948690
2311;156438516
2312;482724169
2313;841392230
2314;217959934
2315;626991032
2316;330815596
2317;151675936
2318;364267958
2319;341055015
2320;1076699013
2321;1144369466
2322;582950550
2323;805876505
2324;327926025
2325;1373531100
2326;5229938831
2327;1099254596
2328;257257827
2329;961212015
2330;369035418
2331;570604429
2332;1093400470
2333;463109607
2334;604264385
2335;982328214
2336;858058787
2337;359172377
2338;411389596
2339;200081035
2340;138081279
2341;143578099
2342;196321840
2343;495207455
2344;1260335033
2345;355366003
2346;5096339292
2347;296784735
2348;145382337
2349;34768965
2350;200269870
2351;1305306661
2352;188058255
2353;529318489
2354;741146114
2355;107956190
2356;545117987
2357;1023608848
2358;3755631
2359;1967940690
2360;312146511
2361;248584086
2362;1920347344
2363;372447578
2364;583149877
2365;298146711
2366;1358232823
2367;1223148804
2368;1076710523
2369;300799377
2370;638762928
2371;458534663
2372;464993378
2373;874126644
2374;468547990
2375;138878258
2376;1577354601
2377;475499704
2378;546864493
2379;260033
2380;1355641856
2381;559843733
2382;1390360642
2383;430429982
2384;425552079
2385;64071414
2386;943158101
2387;1062932346
2388;137347911
2389;531268862
2390;457502362
2391;334441085
2392;1605030929
2393;499552454
2394;505112055
2395;64949873
2396;804297640
2397;104808747
2398;571527885
2399;200831839
2400;141860024
2401;764769654
2402;325570917
2403;876514835
2404;171193611
2405;1634734
2406;755940457
2407;251442550
2408;480715945
2409;1754716469
2410;416991950
2411;189416298
2412;442727733
2413;657379489
2414;363499193
2415;267762659
2416;473648979
2417;449896701
2418;792374821
2419;1423035973
2420;233893940
2421;247733406
2422;450646959
2423;675594379
2424;378234102
2425;274430763
2426;825268159
2427;5214214763
2428;102952441
2429;208926861
2430;819053554
2431;1301028987
2432;541437750
2433;388030385
2434;463302444
2435;646372380
2436;369018861
2437;492715471
2438;1183898548
2439;1576759118
2440;278730779
2441;1446890081
2442;846782593
2443;295005991
2444;43859752
2445;5490736549
2446;379629537
2447;1848827685
2448;537559759
2449;270290212
2450;1035138229
2451;498787243
2452;583839953
2453;191861858
2454;264188898
2455;470459280
2456;438521193
2457;517559543
2458;656013959
2459;929930409
2460;621470717
2461;265055725
2462;363225940
2463;702328009
2464;455910193
2465;340618441
2466;300272548
2467;2113223367
2468;667716833
2469;1507982773
2470;58586341
2471;1965167071
2472;1928888320
2473;133230414
2474;277586008
2475;704984417
2476;188368824
2477;681717689
2478;200437240
2479;398820394
2480;485229264
2481;999260659
2482;1029536815
2483;621462394
2484;114666909
2485;477309059
2486;796738346
2487;1616138269
2488;678151140
2489;72266680
2490;403401088
2491;229973623
2492;277887718
2493;122013345
2494;152628487
2495;817393637
2496;564859454
2497;150323131
2498;376153837
2499;723894850
2500;114379293
2501;308358862
2502;371553525
2503;158124384
2504;1899840687
2505;1634269104
2506;1000147881
2507;893331750
2508;1662466678
2509;5476727276
2510;269378107
2511;461170025
2512;5287804798
2513;1720765197
2514;189861940
2515;462754015
2516;5272760400
2517;1750998803
2518;1167059437
2519;987656463
2520;1453748730
2521;1361448629
2522;1273844459
2523;891152132
2524;107562989
2525;5315714152
2526;1580762885
2527;5484101327
2528;491009072
2529;125528662
2530;761862116
2531;256933670
2532;537637069
2533;488278943
2534;638442195
2535;436284516
2536;842796773
2537;143250156
2538;412561293
2539;5398208677
2540;823199194
2541;1333425970
2542;209802005
2543;344511919
2544;761759320
2545;369831837
2546;835929672
2547;838110315
2548;391639940
2549;283964719
2550;188496032
2551;1549726706
2552;1369706698
2553;371282914
2554;308235387
2555;270570422
2556;388499495
2557;298754188
2558;217715989
2559;239373535
2560;450955387
2561;1736342875
2562;269013546
2563;130752672
2564;1278105478
2565;362569505
2566;976168502
2567;285832453
2568;431170593
2569;751750542
2570;5540249981
2571;131324392
2572;370981865
2573;581269607
2574;222850006
2575;69900878
2576;5163890953
2577;408641730
2578;5587406305
2579;331291582
2580;1365566044
2581;6387993
2582;122342743
2583;370052063
2584;1509477841
2585;1355514400
2586;339726727
2587;133667735
2588;5467532606
2589;421468350
2590;72889553
2591;529491204
2592;504766256
2593;966777534
2594;283252552
2595;559069721
2596;263761684
2597;253952606
2598;210241902
2599;1474491734
2600;411074636
2601;475751136
2602;627118922
2603;144531039
2604;5416656774
2605;858334528
2606;726192355
2607;652116494
2608;547738727
2609;2140259590
2610;733574104
2611;495475652
2612;1093976571
2613;610939610
2614;243318754
2615;1276603633
2616;364293691
2617;225322955
2618;649159645
2619;5361734141
2620;76516054
2621;1536564092
2622;612221318
2623;135229686
2624;10994806
2625;734196513
2626;470604005
2627;586195593
2628;5226547580
2629;1462844561
2630;464642896
2631;1015685273
2632;143956267
2633;281900419
2634;818057192
2635;511771400
2636;248306630
2637;186444685
2638;250989643
2639;494667281
2640;123767427
2641;60601620
2642;662940222
2643;219098112
2644;513493210
2645;419706047
2646;1023370800
2647;106596144
2648;228476967
2649;506681389
2650;263490785
2651;710871004
2652;325495632
2653;244986503
2654;453565850
2655;473354478
2656;851349742
2657;187286897
2658;416950249
2659;203831161
2660;101730753
2661;185318316
2662;993574579
2663;478479806
2664;249373893
2665;456567967
2666;186411998
2667;372944859
2668;553919245
2669;503847262
2670;348169607
2671;875177742
2672;758780643
2673;1604986445
2674;5187866385
2675;2041719446
2676;370967617
2677;696210849
2678;1605692359
2679;1940717529
2680;141575194
2681;325094475
2682;1839836583
2683;133389050
2684;436042031
2685;465288329
2686;413003940
2687;374734707
2688;216419125
2689;755353231
2690;248037615
2691;660788742
2692;201551749
2693;380280602
2694;802160367
2695;391745243
2696;1668442001
2697;1909513230
2698;454302673
2699;1040762365
2700;1728496988
2701;404446166
2702;310242343
2703;453036968
2704;278255017
2705;1706384323
2706;128041514
2707;808961561
2708;525679712
2709;535949284
2710;1658004745
2711;1292510801
2712;1731339682
2713;1797890764
2714;348006218
2715;442763400
2716;127826887
2717;232932415
2718;390702961
2719;50021952
2720;268166221
2721;232961864
2722;644763634
2723;763176533
2724;5558181450
2725;123505887
2726;1285310740
2727;512815127
2728;265923661
2729;828398613
2730;1062023216
2731;237899794
2732;768664852
2733;446121715
2734;1019082241
2735;156954676
2736;57145257
2737;1476180064
2738;256463970
2739;1837506305
2740;877256929
2741;329124946
2742;247634066
2743;785375382
2744;366894419
2745;257846269
2746;485263010
2747;5763425143
2748;647345605
2749;1075929228
2750;924691133
2751;116414212
2752;514840164
2753;1593040222
2754;384952266
2755;573016731
2756;5795456474
2757;974936343
2758;421798235
2759;135792209
2760;1842051794
2761;681689449
2762;187729624
2763;514399510
2764;8484977
2765;40361390
2766;276587129
2767;305702361
2768;481814617
2769;1013382298
2770;87803135
2771;877745713
2772;5343449600
2773;184624814
2774;2088669487
2775;201274439
2776;755300790
2777;262645584
2778;406300110
2779;396585275
2780;181677885
2781;725394775
2782;433493201
2783;794114801
2784;385010954
2785;698530339
2786;478542220
2787;1147271244
2788;1048100270
2789;290498931
2790;759729115
2791;1604091361
2792;440636689
2793;423580949
2794;256188378
2795;611260702
2796;85357271
2797;506862065
2798;53609816
2799;5418587572
2800;183988561
2801;108260917
2802;1008419119
2803;715786136
2804;1200372135
2805;325222201
2806;5684827035
2807;938609179
2808;5594831656
2809;448644664
2810;314723531
2811;1551979857
2812;460447221
2813;1122624383
2814;1006697934
2815;5187275645
2816;1228619375
2817;704871767
2818;5261129662
2819;1787919430
2820;5494157864
2821;1306678770
2822;306739818
2823;1110489668
2824;507861036
2825;766998469
2826;1093293674
2827;354535999
2828;244024265
2829;1706621350
2830;486946827
2831;722962001
2832;236759627
2833;546077005
2834;405846683
2835;1899212014
2836;907531290
2837;432028719
2838;1151001673
2839;729349034
2840;1387438507
2841;394160273
2842;425419747
2843;5794029183
2844;1125376152
2845;170160280
2846;325045669
2847;322623439
2848;405084765
2849;808636175
2850;1040831356
2851;911212388
2852;5548624284
2853;304701359
2854;451580081
2855;685985871
2856;1104835655
2857;506386960
2858;1325497075
2859;70485933
2860;250947131
2861;607698339
2862;897271497
2863;409117802
2864;377915032
2865;542513533
2866;326331893
2867;5466598884
2868;893006416
2869;358236811
2870;466938441
2871;40890332
2872;1077929772
2873;412055674
2874;478754221
2875;218854254
2876;1381481438
2877;1680352946
2878;794693165
2879;787217008
2880;458849788
2881;1466932
2882;447273161
2883;1115056708
2884;1004071015
2885;136251136
2886;536731629
2887;211985404
2888;147545537
2889;856688288
2890;643392076
2891;1338330758
2892;5535157378
2893;5554951270
2894;690344699
2895;1028902051
2896;498881802
2897;488398348
2898;1781498747
2899;76561166
2900;465046244
2901;1083214272
2902;67661011
2903;323412160
2904;322632498
2905;672868759
2906;1312922780
2907;1157445860
2908;1771007170
2909;628044063
2910;5037982616
2911;449710805
2912;313301459
2913;515121718
2914;63376132
2915;571346354
2916;320954346
2917;151516472
2918;465273570
2919;355866373
2920;945409672
2921;930544067
2922;612816711
2923;419054017
2924;296387373
2925;377005937
2926;513700604
2927;440255281
2928;308309666
2929;1849553358
2930;280878031
2931;821779510
2932;419473021
2933;500817834
2934;277819656
2935;1127343549
2936;915232826
2937;854299189
2938;406860334
2939;718011693
2940;54172563
2941;261695447
2942;213063824
2943;1996572997
2944;1297503042
2945;5513365736
2946;683078312
2947;332719395
2948;1625032540
2949;5798115687
2950;910235125
2951;850489544
2952;141939717
2953;2131824596
2954;2124402391
2955;2358090
2956;485572724
2957;302868218
2958;367116658
2959;502763196
2960;258424704
2961;534264376
2962;424401133
2963;195230657
2964;235629837
2965;422855711
2966;229867627
2967;427052825
2968;255393529
2969;634831616
2970;332125630
2971;333416187
2972;1432444049
2973;104576102
2974;5455877859
2975;641886254
2976;5290729028
2977;163448044
2978;537566682
2979;572002029
2980;746776740
2981;492699451
2982;521968415
2983;400732257
2984;487344382
2985;180481686
2986;849960646
2987;5343042054
2988;3250428
2989;176707252
2990;165731039
2991;341693940
2992;423981835
2993;849387344
2994;1370703401
2995;166633085
2996;674639227
2997;709938844
2998;134277149
2999;580678540
3000;731422981
3001;1982564047
3002;418131790
3003;1736357532
3004;552495973
3005;882719368
3006;114390387
3007;519926896
3008;698583318
3009;443284665
3010;293099079
3011;881184714
3012;625166146
3013;198482374
3014;1893491572
3015;332237244
3016;302175339
3017;520848998
3018;5589020571
3019;947430274
3020;416271481
3021;955377097
3022;157005390
3023;272652786
3024;348818488
3025;1347206641
3026;361241410
3027;695397629
3028;1173536239
3029;337246366
3030;735173882
3031;2062997563
3032;154477326
3033;387231124
3034;214803255
3035;333875038
3036;469881025
3037;809864719
3038;496495266
3039;343327740
3040;195829482
3041;1809486186
3042;805846017
3043;531899104
3044;689985882
3045;1195498584
3046;261141742
3047;1464861238
3048;350845707
3049;190866075
3050;432985186
3051;797910499
3052;1892565
3053;751861462
3054;322274875
3055;459230529
3056;447891816
3057;101389344
3058;456406814
3059;383947156
3060;194236851
3061;900228068
3062;331252087
3063;1258410307
3064;2128
3065;5600681119
3066;5772181720
3067;572100942
3068;207845442
3069;135852278
3070;243135107
3071;1283997244
3072;1014291955
3073;196785349
3074;360018903
3075;123866295
3076;2098591293
3077;284936402
3078;199098947
3079;70563745
3080;239562809
3081;838551216
3082;683466681
3083;442829604
3084;80662816
3085;1149787258
3086;5538100735
3087;1416135244
3088;2763287
3089;694696831
3090;659952228
3091;513939825
3092;5594494982
3093;210787766
3094;638946863
3095;149507911
3096;2091429441
3097;474304789
3098;1310842864
3099;481922716
3100;714987902
3101;822641035
3102;809935471
3103;316929849
3104;900035843
3105;5018017918
3106;664870595
3107;1242667856
3108;292179452
3109;197125412
3110;325164061
3111;989077636
3112;145586498
3113;264313382
3114;549730826
3115;534834154
3116;52482021
3117;297024109
3118;77371724
3119;617124550
3120;313744673
3121;987523777
3122;113342523
3123;451227783
3124;326326421
3125;88761392
3126;621588414
3127;502866855
3128;1281863323
3129;393382429
3130;498193159
3131;1480645363
3132;154921324
3133;532779328
3134;5668347015
3135;574976441
3136;338175053
3137;261174850
3138;200812605
3139;1670830885
3140;188259178
3141;190147242
3142;97031447
3143;5366150584
3144;273002837
3145;252807720
3146;333966872
3147;5118802950
3148;382408237
3149;497335446
3150;485593881
3151;632730597
3152;296069617
3153;422017694
3154;890897185
3155;765044382
3156;720699899
3157;39450225
3158;261579584
3159;885237995
3160;245193092
3161;208362903
3162;1744251275
3163;782969314
3164;724598367
3165;450267784
3166;51922138
3167;402745565
3168;311106321
3169;401233024
3170;269343293
3171;527748398
3172;2058908594
3173;5122735382
3174;316084893
3175;5324272695
3176;704318873
3177;116505544
3178;207112526
3179;109529656
3180;482870372
3181;5331862827
3182;403248839
3183;672465908
3184;511780889
3185;467551138
3186;155052624
3187;149956060
3188;359238083
3189;1598789590
3190;909743129
3191;861188427
3192;696175762
3193;130461624
3194;444401360
3195;491635704
3196;35135899
3197;1144442823
3198;855124445
3199;5750984847
3200;422950025
3201;2133991043
3202;747985247
3203;501895249
3204;5491975796
3205;460502647
3206;1918709352
3207;417711706
3208;359133720
3209;421158474
3210;458739185
3211;547315778
3212;783756695
3213;1171207658
3214;233130935
3215;495023348
3216;645174863
3217;254404032
3218;5082446606
3219;489110331
3220;388617060
3221;315928107
3222;760073023
3223;924893808
3224;321813579
3225;1021589822
3226;643388832
3227;353480644
3228;288065850
3229;650216615
3230;367750233
3231;565678175
3232;684876610
3233;122500457
3234;357091560
3235;51531235
3236;5733886197
3237;836253359
3238;195337359
3239;824364350
3240;547441005
3241;33761550
3242;990928
3243;76124091
3244;110353261
3245;49709392
3246;150446054
3247;1818251349
3248;2078677058
3249;2058438318
3250;418688907
3251;118672975
3252;211984516
3253;170472884
3254;739270834
3255;248805943
3256;89142918
3257;502039634
3258;22970420
3259;377662514
3260;283305851
3261;363936351
3262;899762254
3263;5128718260
3264;1384452543
3265;5830028729
3266;543659922
3267;1001451642
3268;750186805
3269;934539014
3270;566946308
3271;688522690
3272;126206736
3273;1293296499
3274;507028581
3275;413537599
3276;287511406
3277;499918445
3278;269855385
3279;400951726
3280;204392981
3281;452600795
3282;286279414
3283;290452271
3284;131248835
3285;309561180
3286;384726621
3287;646354909
3288;5835821624
3289;215097219
3290;360556102
3291;606174532
3292;321292356
3293;456005303
3294;449639375
3295;1021748943
3296;806967349
3297;428336217
3298;2521417
3299;671382236
3300;1295100909
3301;1654367519
3302;410268911
3303;604380263
3304;657070338
3305;708955004
3306;228761128
3307;723894755
3308;1012120787
3309;1297923093
3310;219764479
3311;105140456
3312;779622578
3313;290658101
3314;434514853
3315;455111188
3316;200955320
3317;1023019122
3318;5581138981
3319;718042981
3320;5566242235
3321;370023001
3322;147126234
3323;356864030
3324;616874149
3325;354962059
3326;178687343
3327;1172578974
3328;360716525
3329;1312455667
3330;774114527
3331;862263208
3332;792501294
3333;462638887
3334;3005842
3335;984413009
3336;347615829
3337;232961774
3338;1018260364
3339;1782503180
3340;782364370
3341;160346122
3342;319021465
3343;424109460
3344;153317889
3345;183472973
3346;5888916085
3347;637964611
3348;125443036
3349;1144144876
3350;596834885
3351;327048995
3352;478221882
3353;62501043
3354;1955170248
3355;1213618461
3356;471701100
3357;545517035
3358;860916983
3359;963768571
3360;422604769
3361;678717559
3362;425422735
3363;5064388200
3364;198075432
3365;688740852
3366;2032893098
3367;178188001
3368;546172300
3369;1790309378
3370;512729361
3371;967372588
3372;510346385
3373;1836175108
3374;728476897
3375;435037877
3376;497647366
3377;993434844
3378;495926567
3379;329592854
3380;1825344258
3381;1576031384
3382;448324637
3383;666441777
3384;183641001
3385;381504935
3386;1009937966
3387;5173911210
3388;239729134
3389;977903647
3390;485233627
3391;1314604789
3392;136204717
3393;318294415
3394;156375995
3395;5161805378
3396;489494526
3397;349075562
3398;129447220
3399;1837568830
3400;1036271515
3401;5490128324
3402;66581070
3403;54664285
3404;5789409863
3405;368293855
3406;5567223791
3407;473428059
3408;226691025
3409;5899788364
3410;1931426466
3411;126184349
3412;110631744
3413;5750054343
3414;13662150
3415;587196586
3416;450069924
3417;798247808
3418;5967598811
3419;117962977
3420;285456186
3421;358961594
3422;771226897
3423;1094001683
3424;5582630709
3425;365339703
3426;5282887635
3427;371331860
3428;770177336
3429;351934048
3430;5916297239
3431;297130305
3432;10016131
3433;726885196
3434;800292666
3435;238862056
3436;183962927
3437;498785127
3438;444311123
3439;983078831
3440;5683787182
3441;5356868422
3442;360730416
3443;355855597
3444;693078230
3445;487626108
3446;247100206
3447;927018171
3448;1026635549
3449;575815221
3450;412091912
3451;5726459530
3452;916491205
3453;270704288
3454;5861563653
3455;2074263
3456;2003255961
3457;476689219
3458;683048424
3459;204248539
3460;934925325
3461;846253956
3462;219182572
3463;742133871
3464;490933137
3465;319303521
3466;2134036478
3467;1333807597
3468;1037420053
3469;625722484
3470;535188027
3471;257181668
3472;336242532
3473;937277208
3474;734615557
3475;1969763137
3476;138345222
3477;448166171
3478;1752641311
3479;426216102
3480;847649362
3481;519003425
3482;397456138
3483;397937381
3484;440805592
3485;58809680
3486;5340302020
3487;623650148
3488;308622600
3489;5961931566
3490;79636873
3491;5671823671
3492;516921976
3493;1158998870
3494;1157044721
3495;285939938
3496;931620765
3497;895440694
3498;968306762
3499;389292676
3500;982991969
3501;383382698
3502;146720417
3503;440923613
3504;396808754
3505;139324495
3506;396267813
3507;5470847420
3508;1346988349
3509;5510039849
3510;407046697
3511;342627006
3512;5114356326
3513;1729378194
3514;552652091
3515;160071736
3516;382537637
3517;36526
3518;326029223
3519;928751755
3520;978066066
3521;442518388
3522;905706292
3523;281231111
3524;279560486
3525;833830846
3526;443610747
3527;598595974
3528;533225702
3529;5958343441
3530;182508419
3531;529479950
3532;1129328152
3533;314929371
3534;563524616
3535;684979375
3536;1434699043
3537;1957429320
3538;974980566
3539;1022907094
3540;5144728947
3541;594263564
3542;992765285
3543;849833149
3544;500169920
3545;361133268
3546;5816361349
3547;198685350
3548;752862929
3549;807495447
3550;1202766948
3551;1851280789
3552;1270563367
3553;332419301
3554;5663705536
3555;5621202889
3556;528342254
3557;387142441
3558;893309785
3559;779123467
3560;1542820616
3561;1744513130
3562;621031479
3563;425046138
3564;277684942
3565;500324966
3566;1534734612
3567;141313621
3568;681983871
3569;471731835
3570;1666835843
3571;99040764
3572;822979891
3573;5361911
3574;5148443488
3575;5567944215
3576;674485068
3577;257477247
3578;129814729
3579;526756309
3580;444047661
3581;676318943
3582;1167129799
3583;152875848
3584;273052403
3585;379813900
3586;162381509
3587;867514259
3588;716018766
3589;1126305265
3590;85391894
3591;1354718375
3592;5869961731
3593;919585056
3594;949783516
3595;468378202
3596;694608715
3597;1204892550
3598;462449141
3599;134954294
3600;193381953
3601;5180340169
3602;575048195
3603;347955482
3604;212136289
3605;158167625
3606;1386759767
3607;452996538
3608;270729439
3609;5009182552
3610;381401063
3611;103598754
3612;262562336
3613;5837099062
3614;6150282927
3615;390427918
3616;551446202
3617;1513409167
3618;490712717
3619;354453453
3620;227522525
3621;477435794
3622;649558017
3623;5319793477
3624;464278330
3625;158189509
3626;92392542
3627;406711997
3628;92178583
3629;145635878
3630;1128354115
3631;1389826313
3632;489026967
3633;635874927
3634;524836127
3635;647910312
3636;346573079
3637;305511615
3638;1464995910
3639;2014787570
3640;266934777
3641;5586412326
3642;84059687
3643;246621711
3644;5589714169
3645;492680030
3646;5569684381
3647;1437741565
3648;184328495
3649;1050893395
3650;1085255776
3651;706956661
3652;425953834
3653;892818773
3654;221851934
3655;589642080
3656;5622495876
3657;901101264
3658;200917611
3659;811750245
3660;5819796712
3661;956610692
3662;138280951
3663;5261260625
3664;312498555
3665;376931436
3666;564680006
3667;202493898
3668;201711103
3669;788289708
3670;627635260
3671;215733080
3672;2102623372
3673;527977951
3674;243456292
3675;327929279
3676;486273635
3677;193973106
3678;64797457
3679;1222422592
3680;478138168
3681;1721384211
3682;457698546
3683;1812773738
3684;915342486
3685;556095182
3686;254306620
3687;385424419
3688;1105105523
3689;1009815863
3690;224516518
3691;341861125
3692;177638948
3693;258678876
3694;1171681097
3695;1272096682
3696;336191908
3697;492659501
3698;180808347
3699;755762029
3700;74188452
3701;1462589292
3702;122958378
3703;634233441
3704;771611531
3705;535568627
3706;258341489
3707;1995545591
3708;580188337
3709;696006494
3710;1641110472
3711;5813188662
3712;1417179429
3713;69582772
3714;5854980517
3715;928533577
3716;949375973
3717;365715698
3718;560568318
3719;582297237
3720;860131328
3721;712039534
3722;792605858
3723;306300766
3724;59929167
3725;1084680487
3726;5323663722
3727;42791670
3728;298022256
3729;656395355
3730;1211812141
3731;427055502
3732;524083185
3733;125122476
3734;532879746
3735;1146151907
3736;220233834
3737;694670601
3738;5104335740
3739;885403614
3740;527660427
3741;276704188
3742;403189154
3743;772228655
3744;226018207
3745;169966726
3746;159818453
3747;766700130
3748;306998112
3749;5795082902
3750;233365844
3751;6104974940
3752;887574741
3753;485336120
3754;474905622
3755;448529698
3756;185039225
3757;5792738210
3758;5745414062
3759;367059075
3760;969016065
3761;469547
3762;5042634912
3763;5912157364
3764;1135548324
3765;461606622
3766;704368337
3767;134391677
3768;611749251
3769;6078811802
3770;246632087
3771;1221242291
3772;6043666171
3773;427013222
3774;357282961
3775;860198834
3776;654051857
3777;168409575
3778;810718024
3779;360069614
3780;966219657
3781;433615230
3782;220583117
3783;5448225835
3784;1231941041
3785;1286253200
3786;477042693
3787;358183929
3788;236825670
3789;5786797374
3790;765666888
3791;5264363723
3792;254282848
3793;726147562
3794;386490351
3795;495908377
3796;276471388
3797;701455391
3798;1161156430
3799;265944200
3800;897113152
3801;412070258
3802;706574754
3803;479406
3804;431196499
3805;356142864
3806;372239521
3807;73549530
3808;370675303
3809;5203041311
3810;305976531
3811;621289943
3812;1532229230
3813;6175661001
3814;77824318
3815;360980303
3816;451155539
3817;302021420
3818;268034561
3819;962525729
3820;525667657
3821;1414565296
3822;156734771
3823;252479579
3824;510830106
3825;192196854
3826;5807220584
3827;1025576277
3828;447051740
3829;291400120
3830;502561201
3831;238634287
3832;1126430005
3833;493077455
3834;1096463072
3835;5365717876
3836;995287197
3837;412153212
3838;372569803
3839;1233230550
3840;1497435827
3841;1035481023
3842;5147457172
3843;630321581
3844;1386948930
3845;439924549
3846;445425395
3847;437961647
3848;1698142708
3849;633569952
3850;1741294851
3851;2074666882
3852;5520239496
3853;282429115
3854;5058848397
3855;729590162
3856;71219230
3857;530667435
3858;525847088
3859;334092521
3860;226989883
3861;636077068
3862;1701509038
3863;441954738
3864;341348844
3865;275376163
3866;28196504
3867;90193397
3868;46748251
3869;527745041
3870;1146716765
3871;742745027
3872;159080036
3873;122527135
3874;634225849
3875;407412335
3876;398461734
3877;489014553
3878;430728015
3879;225296538
3880;5734717348
3881;448121273
3882;47888644
3883;702295868
3884;1453926356
3885;1271806411
3886;398930868
3887;748541191
3888;6284787980
3889;372902085
3890;317549628
3891;303792669
3892;437501686
3893;726268582
3894;483347579
3895;413524583
3896;693259508
3897;1620312285
3898;381947699
3899;128266747
3900;440703913
3901;838920806
3902;270469344
3903;398632274
3904;577263948
3905;428228184
3906;949797516
3907;75440724
3908;260130180
3909;518568996
3910;110497094
3911;71727196
3912;86606803
3913;506423831
3914;338994363
3915;376644500
3916;5769950936
3917;665021529
3918;450110968
3919;31565237
3920;514195918
3921;380540322
3922;927703640
3923;1033112281
3924;879129800
3925;1307294259
3926;600983636
3927;336714812
3928;856144330
3929;1148974809
3930;513603214
3931;899370164
3932;5923810821
3933;5037165251
3934;68616397
3935;1043074914
3936;5915080526
3937;789123105
3938;196213108
3939;321008594
3940;1863373
3941;447342567
3942;124401917
3943;1161153073
3944;288735596
3945;247352587
3946;329217224
3947;321162351
3948;205907713
3949;1280271732
3950;515959300
3951;705813124
3952;470761164
3953;995400150
3954;334031453
3955;791210270
3956;1879657260
3957;1072572930
3958;525804910
3959;5932264265
3960;488205568
3961;941790255
3962;210846719
3963;271303061
3964;1373700118
3965;683379910
3966;215845344
3967;208791830
3968;244100197
3969;265459895
3970;880059744
3971;363407745
3972;260873346
3973;881885512
3974;524089270
3975;98834075
3976;6272396307
3977;391139209
3978;599928049
3979;254452304
3980;652484167
3981;867470485
3982;495360671
3983;642724802
3984;128334277
3985;1357920029
3986;292447717
3987;505274057
3988;380831067
3989;445559730
3990;1035914035
3991;1207674810
3992;490678461
3993;706441337
3994;58510315
3995;82447817
3996;447314988
3997;1236442116
3998;129908069
3999;456281896
4000;338978223
4001;588522111
4002;788434659
4003;417672191
4004;5944209131
4005;453794415
4006;1288899660
4007;824722320
4008;1804781694
4009;90596444
4010;233817949
4011;713622891
4012;1009847917
4013;6221453531
4014;173516213
4015;328597150
4016;1650573791
4017;958349291
4018;560778894
4019;237152030
4020;110338187
4021;365681616
4022;101940721
4023;191922981
4024;821822864
4025;1748802388
4026;75952354
4027;78214950
4028;530035402
4029;511359482
4030;403194006
4031;328922482
4032;348590805
4033;778469282
4034;1315809211
4035;544835691
4036;242990624
4037;400953351
4038;324912212
4039;980882128
4040;214162587
4041;6011121681
4042;62310282
4043;639689037
4044;1447425890
4045;1701383469
4046;776874766
4047;206111085
4048;782890344
4049;634357292
4050;1162052504
4051;594685728
4052;5373468287
4053;413895505
4054;176892356
4055;6031122910
4056;458882248
4057;817037676
4058;1002982506
4059;6145125935
4060;171778228
4061;426717314
4062;1989845930
4063;1972395728
4064;5213114950
4065;5808872329
4066;1925143948
4067;1290861242
4068;2057251535
4069;5508901956
4070;430649982
4071;145199781
4072;1281294228
4073;398273851
4074;325622927
4075;149533954
4076;1311763908
4077;208926344
4078;849183888
4079;482637993
4080;294623302
4081;1780212333
4082;1803179391
4083;1026790778
4084;1057014201
4085;1020668531
4086;325997934
4087;1331742467
4088;1352251254
4089;349148823
4090;1448024821
4091;374257383
4092;466749097
4093;6294132948
4094;151978320
4095;505467850
4096;1972677462
4097;365603640
4098;675560320
4099;824699926
4100;1188261712
4101;5988312595
4102;333506082
4103;566509925
4104;185886636
4105;781153306
4106;345161153
4107;642326385
4108;178254473
4109;426870834
4110;1737941283
4111;1798044678
4112;1625951959
4113;1075347908
4114;5352172250
4115;528996153
4116;409995141
4117;678945482
4118;1820837787
4119;42854523
4120;1104906211
4121;536459469
4122;1647303257
4123;1003765204
4124;501638100
4125;220777380
4126;6271667054
4127;1384510106
4128;950250814
4129;5240157577
4130;40687350
4131;293052048
4132;363198214
4133;455547803
4134;5696915925
4135;829434290
4136;275684532
4137;1013305586
4138;399438232
4139;1127169540
4140;6060303748
4141;458317172
4142;284186557
4143;999754820
4144;1316340568
4145;470672530
4146;676557244
4147;910738135
4148;524949159
4149;403586023
4150;251261696
4151;5116886275
4152;711396194
4153;244879061
4154;372703562
4155;712331303
4156;249479528
4157;377377794
4158;620412291
4159;464926400
4160;304266131
4161;834513880
4162;470168430
4163;890926171
4164;432872863
4165;754217374
4166;610624987
4167;422827149
4168;1379957432
4169;5603006549
4170;327324789
4171;870560354
4172;6186647881
4173;196714176
4174;402666721
4175;5515993711
4176;476057562
4177;1180631464
4178;656127054
4179;86014326
4180;1075477759
4181;1004263357
4182;625909408
4183;4005674
4184;5090795138
4185;941572542
4186;860815943
4187;430070510
4188;1586330290
4189;331389683
4190;528122798
4191;453888646
4192;128484938
4193;809855947
4194;203524857
4195;71011918
4196;615160271
4197;5904930042
4198;411132328
4199;641112894
4200;473506622
4201;477319165
4202;297352896
4203;1372829512
4204;237799524
4205;1094512756
4206;406838809
4207;171635952
4208;594802278
4209;426575389
4210;5186324298
4211;332745825
4212;1511834048
4213;761900818
4214;720921285
4215;487520555
4216;1396465
4217;6092875215
4218;604878527
4219;571853849
4220;470356856
4221;5809703401
4222;617449098
4223;784570394
4224;239822363
4225;230901479
4226;1037559544
4227;821922861
4228;698773408
4229;826993680
4230;476871569
4231;277698201
4232;194022527
4233;2013895388
4234;395182694
4235;471311742
4236;639808580
4237;1271678911
4238;914640112
4239;5057017010
4240;1651684
4241;572571025
4242;434238631
4243;554307940
4244;340168232
4245;40374575
4246;407228026
4247;1254849279
4248;443672682
4249;174509163
4250;5316660381
4251;5113458944
4252;130655401
4253;339897801
4254;141284166
4255;5002787685
4256;1665177324
4257;5255462383
4258;5960993588
4259;2052380793
4260;866232404
4261;58389216
4262;840638420
4263;658340742
4264;5250118116
4265;928457537
4266;1751262282
4267;153653294
4268;727242895
4269;290990651
4270;221837150
4271;419203002
4272;1168367689
4273;311218131
4274;923188716
4275;437879109
4276;417555916
4277;372408074
4278;567464
4279;926524969
4280;737595800
4281;1044765034
4282;262746820
4283;6071646001
4284;1384811524
4285;669749802
4286;850666980
4287;663918651
4288;228942642
4289;58482552
4290;429527949
4291;887321851
4292;1209995416
4293;872266215
4294;270162796
4295;6254611531
4296;273948931
4297;108464376
4298;68147901
4299;668728323
4300;5664047368
4301;890876763
4302;184086045
4303;462643616
4304;574922762
4305;109480206
4306;413493255
4307;420099810
4308;426867232
4309;304804208
4310;477423314
4311;1098291358
4312;601048324
4313;767964284
4314;828003963
4315;877718439
4316;6184838484
4317;886005555
4318;754457756
4319;495437293
4320;784715019
4321;1877452636
4322;1496075639
4323;115476419
4324;519006157
4325;362773393
4326;1192801724
4327;38447123
4328;458766349
4329;337482311
4330;5170238443
4331;46430255
4332;532712951
4333;460499468
4334;181433066
4335;362303982
4336;110324839
4337;5556855768
4338;48421840
4339;963732064
4340;5479927144
4341;1034951103
4342;1602554737
4343;262671471
4344;346826708
4345;668823773
4346;250068801
4347;568141287
4348;928426827
4349;994816480
4350;770757834
4351;824628419
4352;868724258
4353;932714506
4354;696554240
4355;1822726
4356;789486665
4357;220116773
4358;322456123
4359;300590026
4360;117705970
4361;1898857927
4362;420743578
4363;885542072
4364;901109366
4365;804674173
4366;294333319
4367;1351895296
4368;277911131
4369;308934625
4370;924876763
4371;962865830
4372;1127596546
4373;162011519
4374;1114902564
4375;1023183432
4376;178562380
4377;444085397
4378;1991224188
4379;303445643
4380;682672781
4381;447999564
4382;257971104
4383;568196846
4384;926107974
4385;385130945
4386;258741765
4387;5989158484
4388;1080898370
4389;1787557794
4390;650030828
4391;1276208704
4392;858987105
4393;337537801
4394;224827738
4395;333611878
4396;6162243280
4397;894918348
4398;1548047730
4399;437750489
4400;184694389
4401;749061442
4402;214514917
4403;290064723
4404;225368262
4405;905843053
4406;1060611697
4407;1030689181
4408;420328398
4409;1126029547
4410;192417976
4411;5596492982
4412;190482579
4413;5387678402
4414;487608326
4415;196540745
4416;483292235
4417;433356808
4418;783665355
4419;155123964
4420;437755962
4421;402865782
4422;1010120931
4423;291692866
