label;contains_link;contains_stop_word;contains_dangerous_words;contains_spam_words;contains_special_characters;check_len_message;contains_words_fuzzy_not_enough;contains_сapital_letters;contains_photo;contains_not_spam_id
1;0.15;0.0;0.0;0.0;0.0;136;0.0;0.0;0.15;0
1;0.15;0.3;0.15;0.0;0.0;62;0.15;0.0;0.15;0
1;0.15;0.0;0.0;0.0;0.0;48;0.0;0.15;0.0;0
1;0.0;0.0;0.44999999999999996;0.5;0.0;146;0.0;0.0;0.0;0
1;0.0;0.3;0.0;0.5;5.2;551;0.0;0.0;0.15;0
1;0.15;0.3;0.15;0.0;0.0;67;0.15;0.0;0.15;0
1;0.0;0.0;0.15;0.5;0.0;698;0.0;0.0;0.15;0
1;0.0;0.3;0.0;0.0;0.0;36;0.0;0.0;0.15;0
1;0.0;0.3;0.0;0.5;0.5;27;0.0;0.15;0.15;0
1;0.0;0.0;0.0;0.0;0.0;40;0.0;0.0;0.15;0
1;0.0;0.3;0.0;0.0;0.0;39;0.0;0.0;0.15;0
1;0.0;0.0;0.0;0.0;0.0;159;0.0;0.0;0.0;0
1;0.0;0.3;0.0;0.0;0.0;47;0.0;0.0;0.15;0
1;0.15;0.0;0.15;0.0;0.0;161;0.0;0.0;0.15;0
1;0.0;0.0;0.15;0.5;0.0;662;0.0;0.0;0.15;0
1;0.15;0.0;0.15;0.0;0.0;142;0.0;0.0;0.15;0
1;0.0;0.3;0.15;0.5;0.0;681;0.0;0.0;0.15;0
1;0.15;0.0;0.15;0.0;0.0;143;0.0;0.0;0.15;0
1;0.15;0.3;0.0;0.0;0.0;58;0.0;0.0;0.15;0
1;0.0;0.0;0.0;0.0;0.0;40;0.0;0.0;0.15;0
1;0.0;0.0;0.15;0.0;0.0;152;0.0;0.0;0.15;0
1;0.15;0.0;0.15;0.0;0.0;151;0.0;0.0;0.15;0
1;0.0;0.3;0.15;0.5;0.0;685;0.0;0.0;0.15;0
1;0.0;0.3;0.0;1.0;5.2;685;0.0;0.0;0.15;0
1;0.0;0.0;0.0;0.0;0.0;252;0.0;0.0;0.0;0
1;0.15;0.3;0.15;0.0;0.0;174;0.0;0.0;0.15;0
1;0.0;0.3;0.0;0.5;6.9;700;0.0;0.0;0.15;0
1;0.15;0.3;0.0;0.0;0.0;189;0.0;0.0;0.15;0
1;0.15;0.3;0.15;0.0;0.0;172;0.0;0.0;0.15;0
1;0.15;0.3;0.0;0.0;0.0;188;0.0;0.0;0.15;0
1;0.15;0.3;0.15;0.0;0.0;171;0.0;0.0;0.15;0
1;0.0;0.3;0.15;0.5;0.0;314;0.0;0.0;0.15;0
1;0.15;0.3;0.0;0.0;0.0;167;0.0;0.0;0.15;0
1;0.15;0.3;0.15;0.0;0.0;148;0.0;0.0;0.15;0
1;0.15;0.3;0.0;0.0;0.0;43;0.0;0.0;0.15;0
1;0.15;0.6;0.15;0.0;0.0;178;0.0;0.0;0.15;0
1;0.0;0.0;0.0;0.5;2.9000000000000004;232;0.0;0.0;0.15;0
1;0.0;0.3;0.15;0.5;0.0;600;0.0;0.0;0.15;0
1;0.0;0.0;0.0;0.0;0.0;15;0.0;0.0;0.15;0
1;0.15;0.3;0.0;0.0;0.0;68;0.0;0.0;0.15;0
1;0.0;0.0;0.0;0.0;0.0;682;0.0;0.0;0.0;0
1;0.15;0.3;0.0;0.0;0.0;58;0.0;0.0;0.15;0
1;0.15;0.0;0.0;0.0;0.0;23;0.0;0.0;0.15;0
1;0.0;0.0;0.0;0.0;0.0;14;0.0;0.0;0.15;0
1;0.0;0.0;0.0;0.0;0.0;17;0.0;0.0;0.15;0
1;0.0;0.0;0.0;0.0;0.0;12;0.0;0.0;0.15;0
1;0.0;0.0;0.0;0.5;5.7;700;0.0;0.0;0.15;0
1;0.15;0.3;0.15;0.0;0.0;153;0.15;0.0;0.15;0
1;0.15;0.0;0.0;0.0;0.0;30;0.0;0.0;0.15;0
1;0.0;0.0;0.0;0.0;0.0;16;0.0;0.0;0.15;0
1;0.15;0.3;0.0;0.0;0.0;125;0.15;0.0;0.15;0
1;0.15;0.3;0.15;0.0;0.0;147;0.0;0.0;0.15;0
1;0.15;0.3;0.15;0.0;0.0;151;0.15;0.0;0.15;0
1;0.0;0.6;0.0;0.0;0.0;68;0.0;0.0;0.15;0
1;0.0;0.0;0.0;0.5;0.0;195;0.0;0.0;0.0;0
1;0.15;0.0;0.0;0.0;0.0;27;0.0;0.0;0.15;0
1;0.0;0.6;0.0;0.0;0.0;68;0.0;0.0;0.15;0
1;0.15;0.3;0.15;0.0;0.0;151;0.15;0.0;0.15;0
1;0.15;0.3;0.15;0.0;0.0;152;0.15;0.0;0.15;0
1;0.0;0.0;0.15;0.5;0.0;127;0.0;0.0;0.0;0
1;0.0;0.3;0.0;0.5;0.0;89;0.0;0.15;0.15;0
1;0.0;0.0;0.0;0.0;0.0;14;0.0;0.0;0.15;0
1;0.15;0.0;0.0;0.0;0.0;414;0.0;0.0;0.0;0
1;0.0;0.0;0.0;0.0;0.0;12;0.0;0.0;0.15;0
1;0.15;0.3;0.0;0.0;0.0;67;0.0;0.0;0.15;0
1;0.0;0.0;0.0;0.5;5.7;734;0.0;0.0;0.15;0
1;0.0;0.0;0.0;0.0;0.0;14;0.0;0.0;0.15;0
1;0.0;0.0;0.0;0.0;0.0;13;0.0;0.0;0.15;0
1;0.0;0.0;0.0;1.0;6.9;666;0.0;0.0;0.15;0
1;0.0;0.0;0.0;0.0;0.0;12;0.0;0.0;0.15;0
1;0.0;0.3;0.0;0.0;0.0;287;0.0;0.0;0.15;0
1;0.0;0.0;0.0;0.0;8.9;930;0.0;0.0;0.0;0
1;0.0;0.0;0.0;0.0;0.0;143;0.0;0.0;0.0;0
1;0.15;0.0;0.0;0.0;0.0;19;0.0;0.0;0.15;0
1;0.0;0.0;0.0;0.0;3.3000000000000003;902;0.0;0.0;0.15;0
1;0.15;0.0;0.3;1.0;0.0;859;0.0;0.0;0.0;0
1;0.0;0.0;0.15;0.5;0.0;190;0.0;0.0;0.0;0
1;0.0;0.0;0.0;0.0;0.0;15;0.0;0.0;0.15;0
1;0.0;0.0;0.15;0.5;0.0;547;0.0;0.0;0.15;0
1;0.15;0.0;0.0;1.0;0.0;392;0.0;0.0;0.15;0
1;0.0;0.0;0.0;0.0;0.0;12;0.0;0.0;0.15;0
1;0.0;0.0;0.0;0.0;0.0;254;0.0;0.0;0.0;0
1;0.0;0.0;0.0;0.0;0.0;13;0.0;0.0;0.15;0
1;0.0;0.0;0.0;0.0;0.0;360;0.0;0.0;0.0;0
1;0.0;0.0;0.0;0.0;0.0;16;0.0;0.0;0.15;0
1;0.15;0.0;0.0;1.0;0.0;412;0.0;0.0;0.15;0
1;0.0;0.6;0.0;2.0;0.0;275;0.15;0.0;0.15;0
1;0.0;0.0;0.0;0.5;0.0;61;0.0;0.15;0.15;0
1;0.15;0.0;0.0;0.0;0.0;22;0.0;0.0;0.15;0
1;0.0;0.6;0.0;0.5;0.0;435;0.0;0.0;0.15;0
1;0.0;0.3;0.0;0.5;0.0;472;0.15;0.0;0.15;0
1;0.15;0.0;0.0;0.0;0.0;21;0.0;0.0;0.15;0
1;0.0;0.0;0.0;0.0;0.0;102;0.0;0.0;0.0;0
1;0.15;0.0;0.15;1.0;0.0;359;0.0;0.0;0.15;0
1;0.0;0.3;0.0;1.5;0.0;103;0.15;0.0;0.15;0
1;0.0;0.3;0.0;1.5;0.0;103;0.15;0.0;0.15;0
1;0.15;0.0;0.0;0.0;0.0;20;0.0;0.0;0.15;0
1;0.15;0.0;0.15;1.0;0.0;358;0.0;0.0;0.15;0
1;0.0;0.0;0.0;0.0;0.0;1735;0.0;0.0;0.0;0
1;0.0;0.6;0.0;0.0;0.0;409;0.0;0.0;0.15;0
1;0.0;0.3;0.0;1.5;0.0;103;0.15;0.0;0.15;0
1;0.0;0.0;0.0;0.5;0.0;12;0.0;0.15;0.15;0
1;0.0;0.0;0.0;0.5;0.0;131;0.0;0.0;0.0;0
1;0.0;0.8999999999999999;0.0;0.0;0.0;1118;0.0;0.0;0.0;0
1;0.0;0.0;0.0;0.0;2.2;300;0.0;0.0;0.15;0
1;0.15;0.0;0.15;1.0;0.0;363;0.0;0.0;0.15;0
1;0.15;0.0;0.15;1.0;0.0;359;0.0;0.0;0.15;0
1;0.15;0.0;0.0;0.5;0.0;131;0.0;0.0;0.15;0
1;0.0;0.0;0.0;0.5;0.0;13;0.0;0.0;0.15;0
1;0.0;1.2;0.0;1.0;0.0;208;0.3;0.15;0.15;0
1;0.0;0.0;0.0;0.5;0.0;18;0.0;0.15;0.15;0
1;0.0;0.8999999999999999;0.0;1.5;0.0;152;0.15;0.0;0.15;0
1;0.0;0.0;0.0;0.5;0.0;166;0.0;0.0;0.15;0
1;0.0;0.0;0.15;0.0;0.0;83;0.0;0.15;0.15;0
1;0.0;0.0;0.15;1.0;0.0;22;0.0;0.0;0.15;0
1;0.0;0.0;0.15;1.0;0.0;17;0.0;0.0;0.15;0
1;0.0;0.0;0.0;1.5;0.0;14;0.0;0.0;0.15;0
1;0.15;0.0;0.3;1.0;0.0;405;0.0;0.0;0.15;0
1;0.0;0.0;0.15;1.0;0.0;19;0.0;0.0;0.15;0
1;0.0;0.0;0.15;0.0;0.0;64;0.0;0.0;0.15;0
1;0.0;0.6;0.0;1.0;0.0;336;0.15;0.0;0.15;0
1;0.0;0.0;0.0;0.5;0.0;185;0.0;0.0;0.0;0
1;0.0;0.6;0.0;0.5;0.0;555;0.0;0.0;0.15;0
1;0.0;0.3;0.0;0.0;0.9;121;0.0;0.0;0.15;0
1;0.15;0.0;0.0;0.0;0.0;20;0.0;0.0;0.15;0
1;0.0;0.0;0.0;0.0;0.30000000000000004;18;0.0;0.15;0.15;0
1;0.0;0.0;0.0;0.0;0.2;13;0.0;0.15;0.15;0
1;0.0;0.0;0.0;0.5;0.0;631;0.0;0.0;0.15;0
1;0.0;0.3;0.0;0.0;0.0;547;0.0;0.0;0.15;0
1;0.0;0.3;0.0;0.0;0.0;540;0.0;0.0;0.0;0
1;0.0;0.0;0.0;1.0;0.0;544;0.0;0.0;0.0;0
1;0.15;0.3;0.0;0.0;0.6000000000000001;140;0.0;0.0;0.15;0
1;0.15;0.0;0.3;1.0;0.0;406;0.0;0.0;0.15;0
1;0.0;0.0;0.0;0.0;2.9000000000000004;540;0.0;0.0;0.0;0
1;0.0;0.0;0.0;0.0;1.3;173;0.0;0.0;0.15;0
1;0.0;0.0;0.0;0.5;0.0;621;0.0;0.0;0.0;0
1;0.0;0.0;0.0;0.0;0.0;39;0.0;0.0;0.15;0
1;0.0;0.0;0.0;0.0;0.0;58;0.0;0.0;0.0;0
1;0.0;0.0;0.0;0.0;6.2;445;0.0;0.0;0.0;0
1;0.15;0.3;0.0;0.0;1.8;160;0.0;0.0;0.0;0
1;0.0;0.0;0.0;0.0;0.0;93;0.0;0.0;0.15;0
1;0.0;0.0;0.0;0.5;0.0;1682;0.0;0.0;0.0;0
1;0.0;0.0;0.0;0.0;0.0;477;0.15;0.0;0.15;0
1;0.0;0.3;0.0;0.0;13.3;506;0.0;0.0;0.0;0
1;0.15;0.0;0.15;0.5;0.0;278;0.0;0.0;0.15;0
1;0.0;0.0;0.0;0.0;0.0;441;0.0;0.0;0.15;0
1;0.0;0.0;0.3;0.0;0.0;184;0.0;0.0;0.0;0
