1430200876
467542724
191353748
164665393
159593226
1173846440
163823865
158323201
56181658
529508385
76546014
532202990
538731463
279469984
802333222
325769634
259507425
864748947
113146
479073272
338277352
396236605
230070056
1494262070
158603886
183579626
429731807
47834942
377600457
544527321
73941839
3335654
87936370
1041797002
153169825
342793698
320432115
512979391
137600529
362666715
477629875
450184137
74361883
773012841
1216832150
148158343
310291639
199994365
160635296
308124981
220587840
3381792
330766093
306967744
296372799
915877249
512137870
596232030
263279259
686791997
599380743
406193611
314967164
139912570
878778673
276427427
58725603
382264111
711842562
100132404
201969910
296850472
215349643
283605197
339379823
372946181
217430505
251015999
503066369
252637685
384400080
774448062
1053185260
181078514
266248807
76126045
264590876
390994237
963998433
1119851174
268215319
123467463
383317764
208858209
482152142
75622129
411824512
1074012442
112744404
242478171
176479386
490992382
476341736
171300655
408972576
734713879
438008122
407247635
123076335
717093053
447575080
581853799
237153648
182869679
506186446
743411003
220035096
562550011
1271112465
771842893
379466962
383118213
53169359
61181133
826224518
23466746
498154466
289078892
70869180
205546404
999179140
117782256
104331299
481424370
1055835225
122291311
378820517
433870103
251755913
565983910
72023148
639851500
249902243
403094219
1394788124
1346148581
664180376
470265532
196163827
835493698
211091232
1401136882
1119971616
398966845
269314256
1289598029
65466715
431687242
1040729767
290809359
1420037240
771787292
444174279
323390470
123286860
249573523
474130433
407418236
1323258224
479457719
116297527
346317862
120341928
1285314383
946747152
188572872
79652610
484756871
1224349725
59510514
725429685
97922803
388076121
252930635
122237952
475557051
134278157
474138292
380207703
567105154
286345880
108571458
246161727
136985361
345705464
820164427
413366045
201841049
192075462
107894085
57653017
332894272
1409444967
458445864
485593522
799314937
881992060
113541393
613347618
474119900
342152312
135205767
416644823
4566794
360354814
3600690
202025769
1600197
592363649
9191616
275105317
795689664
407699022
151711086
886332766
390352562
254771137
276441117
128081999
427357316
297872767
331822159
383053151
224530564
626174517
405778883
91763393
476906462
387083796
101762444
463908165
209137650
355263839
273228713
272343147
58338595
335819308
229647463
60177728
299205535
337579488
1036777678
464992606
928495043
1112144039
815335896
350750385
470313941
235575989
143317939
14405417
448250544
331901153
505379102
402593650
1476104684
436356685
248393473
228198175
172012887
734326456
981096440
322627361
688290092
1003682279
55590890
69556836
111699032
667646773
218466776
308647213
251412299
393790264
539902693
956624205
145764260
298312399
230427812
126449544
367852310
326622256
938089456
159640944
126237254
293043204
856302300
324083389
168470463
1580907117
311275113
742238836
364993148
303110199
25898847
463053825
305889654
559968816
462844870
233156784
388146562
1074159695
249096281
172252729
720375499
192792202
50381570
114361735
461784590
946059263
252456129
53689203
41310886
152437719
136844492
966960155
275046611
778858952
211118294
827222527
181940377
460718499
473429696
335388538
310711876
366191853
1035697226
379057064
194747948
142811043
189879414
146076605
202191120
284369124
307334406
137032564
942406186
236060384
271899491
527223688
346812206
187774642
824769305
134922968
909956710
640291917
511197445
1000097779
416517276
321569369
662925019
1275857904
220115075
2113678
1659266717
140156460
801686928
117419621
117155150
321188245
564528127
87653603
472105499
113651759
882586770
804827096
404624334
49820636
278804163
787981378
322096719
777960445
500711056
391707140
389123473
305862921
277611336
1272955676
368451512
1327704482
47663060
223261921
127392386
1595267748
63769065
143303259
322309652
102167851
202615841
1018295877
60438364
457817811
300787728
333919653
202686342
646155200
384056065
268864008
39896055
270413008
1751441231
370862432
116342687
937082816
269695710
307183621
1635643412
749850692
136682575
1067321065
1405519164
1083059689
438443413
544218084
814759742
315971371
1474153825
127435043
349160445
424477100
112789223
463374332
554940680
109175970
1085265138
230725611
764923566
1898702514
427689776
825097013
100503661
87669079
342870193
770930688
1025300417
1248306679
454623234
153311
155623914
357202694
171604547
177444581
205154668
37960259
613458228
392148486
218103
524794800
1394618631
313494371
1606050997
492098017
385411170
600825343
440115032
725757064
1091068677
410888232
287323610
979130098
278469021
1602235260
446662894
335593110
200652108
340101587
37993982
517343794
1016046005
543713888
412622849
323301019
405629002
175030886
672830330
246104134
1551359370
148298904
267141398
410987863
368298714
141890978
291350142
224525124
495642926
423828645
293068520
1869183218
218686985
64895295
926109201
328012961
890721154
392878384
165066186
53921164
341885032
711123705
364457294
1124502047
403456809
1839090661
209225793
334137928
194251405
137717560
1621478
554900504
73535539
311295666
157496118
730588097
232190094
231955636
898616414
233061929
207925896
1370016517
891198131
100189390
469809213
227684080
1727807650
348082715
161890183
679953954
31497163
394693926
359179631
217710738
397753946
1346339520
630549089
153969613
531256056
520500581
46677442
216534905
234808089
614876176
671116551
227710064
478569961
470901886
246066801
3510700
801142689
502269906
830410707
275518992
801551581
273834653
488638032
223261535
511372842
272942704
1290531426
50689776
643724343
191360839
880198327
511049047
1439505843
370058329
122893193
197949392
528247676
461479327
393614605
445320343
1013758717
710514706
446262501
431029991
658649677
374837972
628917423
334770552
218341716
493987130
1802467782
357764404
266385483
547410073
1649396038
319366515
547205606
798527163
82713428
160407008
685393692
199637723
384192201
1654185755
547512572
472408013
102142723
102984912
849097326
524210938
158161389
563047161
218105516
575330407
725561199
59126523
82307226
367318262
1329522614
94693255
453325360
319010863
600202746
130844316
484353437
692355571
1035474515
95493126
260409767
390165881
374344909
595422869
163403020
265117195
378585848
514922544
472964663
161942240
730310116
726855319
445733135
241270898
465345428
325388997
1906555503
349279612
445444438
338570251
272231670
253670349
332472102
587710615
416376283
484625749
394697381
220428984
448360167
215047843
931552215
349551604
227793573
421744753
1958675924
213219964
318199798
360663507
94630996
710654664
295904416
106621353
1246635270
208316401
39863744
157481043
1469740145
774930656
396500217
432384597
535219501
1260327616
926814049
121130624
281524212
536117114
403953315
311946874
415041613
437883137
154743572
1293687530
250614405
196212568
997308555
562424628
68416154
707044221
795201457
300924981
533697145
107421820
406608922
125577780
699213919
413676076
277547082
760566134
720289103
296248928
607119269
906625332
196129345
1588509311
570362608
844385488
252639854
291931361
995352856
357098951
223191686
1255235900
169457207
961545226
5480
400734973
468015755
1445561010
279596654
625885635
46011841
491772884
168001448
906080903
172937885
1437256006
476908963
448057315
500138578
229905268
258684018
320845303
81238324
51142774
159665065
825345535
499917424
198438670
972432647
238369153
403123284
936120278
320099306
221889795
1295786279
153756945
78381575
1001606966
849293803
1162167668
270401338
403354790
163757415
540243534
448721087
343226851
1519081960
164799500
32394996
648787374
828189536
1147471348
437644961
113205937
887091668
1815210450
347916850
437045240
106170659
208108304
1574675680
429097757
213375221
479929838
389039520
578552868
106615404
897568691
287701517
632802683
373886176
1227075404
685094153
425453968
452778520
331328504
300225392
264972280
193553429
1221856289
84404715
36535494
456249087
383881456
410885384
166317352
35820379
1242614314
683251930
375216681
244190421
243760760
126870144
248140026
126995491
3768210
364563004
293947789
982116
386318335
773621936
1438513490
242497526
230009474
403394134
718860892
469806596
362540265
356875678
491166539
1086738550
2958823
1828453869
350209843
289075368
347873772
71246067
475527168
699808678
581092526
50773875
1125774409
202193293
106435961
100249777
169797431
447547213
71969793
230865965
699093385
190647935
107030826
335041479
249554831
798378192
337365435
144194334
388091466
512655125
56614721
464073977
337081108
97208920
184660955
185679911
194033135
484470427
1063710232
43530159
307407377
1272586053
388791656
67706425
479894965
1755247872
202192455
925007646
355029981
282828716
249398097
309549187
596257326
500774332
620276670
816889701
207279808
242221720
265871732
132679801
728729538
1431953031
331474519
164220584
409864833
204394315
872083704
1024902867
194336771
1482552095
1071172475
616309621
1995974715
263859448
171040690
360186627
483815198
226085373
36388198
395198102
188625717
1442132414
256975350
241595205
481961984
546516213
623458014
116940726
326866358
576118197
165458795
584359593
179404546
456753001
435547709
377052146
502699172
778600326
1711884551
689947575
41370701
584296445
1609229419
533227024
714080831
463099502
620498144
1542316712
331601402
59029105
346918497
316370651
470889722
484078454
159216941
465926433
455691238
191866429
418278562
726486142
1075004064
860525022
1409375815
532516318
1864609341
164360241
263808797
186988890
503642761
2007541690
508437925
723458325
283949617
972442673
678929903
819634253
475247492
45346342
610307580
492661621
236965874
270082368
977088457
285856369
281891168
253856407
112032043
523680677
750393746
2042028114
691491145
1104708535
245856593
428764853
846975763
538715048
376462955
912575611
76333706
317754885
1252807289
526452684
78176509
247057011
457289796
313472941
526144931
1228503639
193859718
154355629
1363404604
132408012
685308716
1022589582
426465032
115014563
400229056
1366254364
487358792
466008663
418560162
219436199
1152320052
817006055
99905396
596925996
732742897
1785498271
10695877
400112633
164215648
38497099
365392397
447061347
342132776
1768107300
410508383
480138440
221427850
479315295
835442207
422080915
257407454
587747624
116751981
173337338
102681375
290021730
1380344420
608091484
339603195
501843896
611508262
300192142
55336461
356005225
381449497
626404580
546379906
218541647
705068932
308825502
566186324
204002634
691537794
166089298
482322517
637102292
774704434
391189528
265618466
1047700180
467424297
149125941
435759704
425303746
211579077
164778675
1597760336
363082550
329018735
176705702
488450094
291046175
244564741
653013837
716292331
331054012
135289948
313908706
201722027
372921969
464577541
1131077627
729556300
314927163
120435312
1153884720
444449547
1881720736
297767070
200170745
198493518
1682175376
1689866472
79106660
232305760
296494651
58297160
405982753
198364
2126506269
319241967
642057467
443570785
166754739
989588132
737223730
416145150
409952112
296935942
864003959
100048755
1175930157
722335660
96154339
387955484
1050192164
1343445425
309254560
339753461
316023238
271516456
87604320
438310817
166171887
610581877
277137237
147815028
1718783620
169397489
180816239
246785178
300730192
176415495
44621304
323626211
866171154
753585338
161814664
281034765
447834738
1271877842
373820212
139461280
129118275
133766928
454374306
1281777353
610525753
461087341
417850211
1873759092
1748648126
467228931
373853425
463298364
180547059
249991539
139021504
898434133
366336732
323675446
103076737
1088560276
202129496
148190822
280616449
1205555355
157971131
341420861
247660792
1494406968
1052894289
2077910401
78606415
466970818
61523126
420867585
612396129
227038940
426336061
258102976
587002217
484297677
635574361
1197169853
351390051
1148535697
638586507
132717084
277949742
249994135
407499264
148755344
1134779886
355502342
974809976
1018408326
1201233801
784646026
286494242
1129936110
746287
1678483
1087957278
1722868753
369559938
673170019
731937796
2088571385
1728100829
129106116
279402458
346234061
447147993
299487888
364833893
304115716
106510748
1785418484
391370988
426202246
408044240
172982636
320053180
223366507
897215327
316051174
1654802017
549766440
942438943
422057242
933293040
151105458
2009464215
407084155
345827335
677535648
211445879
146786779
323486662
288511237
1208313986
548974564
1383552525
5035562033
571819
1005990745
406785985
782680755
169130311
1629270174
881829928
470445521
640895577
309076207
1029585768
878370
399085678
108909257
402684471
327573938
138656605
183894264
467477867
74115363
268679877
1245663066
152150964
420385366
225889004
545492191
1301038931
1354420918
715004501
2100691050
418670694
5067656321
695976478
433537697
93744585
501757060
486072667
427357678
494493483
890902358
823330036
801912109
438158397
954006846
393537814
469787326
1252593099
331469467
1721241256
102100891
524356280
299357957
972691413
62384153
729819
707681263
374741579
299265936
426532379
760168023
469635305
342200830
297328280
469280766
325005853
1043311118
48003886
310105415
526973932
1925436752
1078132438
145082344
735222895
122001849
988116375
135879281
337639219
543236947
758056641
781870741
1933732978
589652369
452932773
988182109
166528984
301893888
153838963
12162367
206760041
584494088
1764196816
540688188
1055184320
478769369
78756908
789800618
1054326747
281893450
304509132
636804684
759692370
115332740
173472548
370360216
409266917
599992778
329942244
341148227
582885459
58096266
793039883
1485464844
587930023
1670784364
706087652
52866608
1484607100
605283315
581332741
140679901
317727138
320117024
495031196
131081297
716753508
411322465
563373011
979745629
183673648
1104156429
221978012
207585090
54115522
1362001040
231225085
1261289043
722258125
1108212506
892673487
1304505616
365661308
90967516
218952434
547722166
252522006
735745804
723757007
394920326
484277427
40196989
217255520
450228034
342022085
146093157
2046485465
126194546
466249779
1037707642
677537479
1784284769
502489288
970656472
385567670
200428870
226661774
120105448
538715167
241938194
342653906
1303343177
1163577031
1780925218
339192714
327462469
465391360
746336544
880735704
468142770
268589542
232753646
295806645
379935405
883378229
300571423
498392149
801439269
41766449
665593238
1825920995
886949672
435038892
1284176673
1274122530
981862321
473456314
1015937521
322561217
406108890
575267900
190744098
475621715
218704020
154558235
635047755
497298183
643262457
45140015
43723828
982658720
296630405
857188176
394469666
622749509
1569897078
662822665
5396428
333188735
130667511
336726819
743883726
252921114
488387177
33762208
555314677
500683656
1119637674
181843408
237925227
1356467571
480596387
1921859434
627289116
149998233
715846242
185604193
1023078297
95997924
846369925
225522799
378781431
68936814
381560023
511685981
922441530
868675435
1983415653
58150305
1137734354
1074103336
96971400
289378033
105817390
62084
421335926
1255216202
278803016
569381934
623046667
381218196
887898084
5100043265
195618677
328345129
794890567
240583785
673490295
546045831
1203113037
855783244
362871075
1979308787
3525640
606607249
457210807
221900171
339928793
281678253
175569335
126778312
782790493
165276746
821114146
662655666
1590378785
448909146
900729146
1235549526
303736014
245500163
44331264
295812165
877783364
117972720
454548210
391957587
1311570365
230843475
419240170
330036646
878635782
411604791
743001585
450519191
407280385
438513642
323570013
113754494
421734116
1301177171
394850592
441161513
795160376
439699346
810434296
593847673
324046772
527650416
1231601831
353082301
986852144
750915728
637521108
276402831
135607181
139032517
126537081
415986507
1259357793
814828502
402940069
393961743
906777172
1336037745
475896698
49872096
260941786
629800562
400425347
43976478
1799340511
762107197
411864669
1001698576
344972226
441737557
496483818
380343032
446919576
537204141
558659535
866888406
287235060
270302163
127570160
690193452
452291449
170612394
395142014
807209762
357643210
280294219
244545637
120770028
157709088
458079805
775017723
1561273196
1669951357
725088433
493797690
150774638
455974494
1211554163
431075071
817787573
567675957
1423196937
889565805
373407580
17835439
895232645
375519139
1295860693
1054830153
295947195
472453342
2033458470
466181980
514307430
478192804
265611471
332810449
30745282
262307211
493085351
145223028
103244655
123771771
299532911
357874644
260605960
151259664
1715428291
830123289
1021171706
275345477
488322142
916384985
487989454
860138273
395422412
690590073
495428491
380047078
449935748
392242127
483841390
427558576
134429188
125922707
178064587
75080132
306524226
603951727
294608489
110736618
129516241
438120234
112085420
1644538988
692376013
366494785
198374189
147187960
577210752
381934894
523564694
128617583
601802236
249961497
1797587222
993434580
286367086
69102369
313115959
573526283
1371823422
1189097711
444188559
219310235
302097822
255575302
40937921
806984660
2002007092
25564246
5239259926
383617698
520298996
341426722
177007502
1118051089
263387435
461774893
719699943
57687793
517518642
536855845
324609267
338846857
304233192
268999271
381704644
1319664564
245933001
1010031798
1054842536
283812466
2073379606
14007875
1339650965
469662732
652682589
413978302
129843194
753261362
135402894
367952778
592999559
270919546
379211595
194950062
307294762
725716481
371577973
263214637
464256079
321941454
312724902
356859903
43117426
393468855
1600762529
103847823
134081679
1370321332
662023855
907547738
133521669
374918034
1800627298
5127951406
5215721166
452790642
886534128
406883730
246433750
115373800
601027796
537523607
571406015
55762315
951546456
207402152
151178189
791578513
128492041
5017331524
1877938535
447779090
212915935
389133342
361041052
1020684958
897302471
250465332
872449421
954620652
336043402
590906107
420444371
1422178859
740083745
511484884
1421202812
681939853
1431902720
655636890
407819650
54985459
818346024
287380118
1140901993
440007469
1947826391
1630012929
1295686017
1364067964
1117261960
465454289
499294217
582003706
911855059
425043044
1207518352
214221326
155251994
473093998
2100505
714870166
286978305
207483124
499657280
332190131
1078131745
108311653
741457546
37853898
742576567
99315140
262306408
326728693
220609540
788781346
428204307
654699624
360478888
753138535
380701154
647960287
1548559754
797755869
417881328
200644452
553362011
437113406
234045897
333697317
216005525
931974809
317724010
289682514
1181209494
57994370
313782556
722770945
1397560549
147911079
413468764
5014852523
509215510
188542581
812165212
467184190
190531044
530438946
559849387
401247199
76710785
252199879
81038656
499466005
1825256191
146601127
422838996
406644777
244991955
361917426
305004839
396480232
488329812
113389549
30057967
1674368288
342526751
378937014
122704065
376538695
2068314318
318756719
359681627
385946966
469831515
5165258568
651204158
119297097
1091357920
94151666
627066794
189702519
664697694
279427422
371715252
1921046606
295116926
1098443831
250773351
963443560
169216987
360327184
1128054839
531053495
452802660
274053192
71954823
594693616
1445849332
369852387
829739203
813573447
1038175330
694083753
195100403
744398821
148815695
416609473
493826544
1019681645
5284360735
1805592337
1075077963
95468192
1160960229
467516951
781532072
545754739
600092004
291239336
5369326895
830627332
187526474
294530917
195598501
872676616
360331937
327944462
1371286
725135897
541381732
439290829
105350248
456326599
343066222
369105112
403398999
505400096
148703496
190485363
224897531
925535952
139524818
555646554
172519384
254855948
967167625
447310613
828549192
579124910
577334427
323768958
139826344
1790874986
340995724
231559911
258460807
380706946
35156799
1286959013
508673731
828424478
294938126
207232464
1028018610
5038668621
143437869
499393426
1330959056
1804851271
897547756
1284575440
770353781
591784540
879942492
302827233
181402473
247509130
320337602
683786897
5080643417
472863853
408676986
194726151
171427171
772142084
39718062
185036636
1023840210
430850425
75070727
376365067
1215496785
753336524
175887387
1908459166
410287223
746901250
857725790
344604964
743283547
1743557999
687735957
472705447
730475522
381345264
757215634
518785684
449312823
1172783621
149606802
1893274358
57853393
969950201
174568015
238575197
353913958
455891158
112236453
415765838
443667685
697547574
246793707
281611873
266035794
441787388
168635906
503087560
147268327
1938216231
569156445
292466824
279345514
64255889
472876739
270114661
5159789870
1404870957
529142267
1371474692
357770030
412553209
403829853
1026717532
323043804
448196647
204855946
147218327
149356028
105537340
640663621
1482715082
1065322216
41326588
909448883
633689237
1285816809
5066875766
3438235
122054578
1313568402
1034761216
526743487
799366541
267674592
763680559
471251716
5256244254
173872916
395539907
496849683
1000645318
387667769
973885358
825364700
935777628
212486151
638508621
149229445
471551550
247050845
432698870
250223775
169966659
408980512
293675455
671442686
55045878
662916375
120407271
444731361
351128213
764189715
574594954
1979589217
289120952
125985373
1051722714
483161489
1440411
1235771879
259327596
501570592
839801025
785210211
49542261
319470550
332543403
931567537
78823375
327250238
170159581
917989385
353758188
1300041385
277679892
4119978
195588140
243327839
118939143
775845818
152672158
618547456
112643306
243972175
1382140820
437068408
277852418
507054501
160351580
736737195
541368165
81383900
5229341297
1894607972
107619430
1109663751
288241814
1498685874
171335850
23759088
185419920
629443344
542589390
418478626
1025779397
144855704
249044398
586876610
117223130
722395559
380523885
489036472
451687643
793866346
492765678
5117382754
462501170
161284513
940246871
839638901
969545091
133725738
163836443
155071758
5326932911
1213605052
5304236029
490659946
1094116210
516489999
1022655850
526004981
347017327
319600215
425588130
1014201407
368563062
384719036
1008424439
187545653
184011426
2789964
5259707171
1469371894
549686103
312878286
1342372559
300915957
5133176688
1123953741
407390440
839348503
908177511
5267570850
214849844
476115360
846523402
1444511418
1617362367
353236792
812572339
511643506
308698731
54035682
44818172
383611020
820766989
61762309
288750262
1159287978
180428105
223437295
371262491
561488977
741651706
916260689
499633781
258052086
1089522245
467532434
173433509
181550099
581953045
2144575544
1498670767
388771994
452157399
280156548
361522075
1326998649
2129092113
296387517
195078585
346277093
367219391
245466673
370714427
1460389482
225327606
383841701
1317815902
394424026
386865403
1125963600
1121877008
679761987
5551844946
352062222
2051332536
680301211
355136535
1885865663
1184529401
958384852
470007001
240607494
522126736
147803273
1392864308
1228576064
537362602
324766242
618673597
257130634
391219298
1760146057
453593208
273386295
950475952
272214434
224617194
699767424
373629214
5229035258
1448877950
1157457215
166634804
805229624
589534716
941434925
209269216
436300330
458028351
174501443
5421234767
1628251309
345377479
155783200
379430168
425939364
5105941791
340305208
255881595
257183492
1065228680
1007286999
841648302
2948690
156438516
482724169
841392230
217959934
626991032
330815596
151675936
364267958
341055015
1076699013
1144369466
582950550
805876505
327926025
1373531100
5229938831
1099254596
257257827
961212015
369035418
570604429
1093400470
463109607
604264385
982328214
858058787
359172377
411389596
200081035
138081279
143578099
196321840
495207455
1260335033
355366003
5096339292
296784735
145382337
34768965
200269870
1305306661
188058255
529318489
741146114
107956190
545117987
1023608848
3755631
1967940690
312146511
248584086
1920347344
372447578
583149877
298146711
1358232823
1223148804
1076710523
300799377
638762928
458534663
464993378
874126644
468547990
138878258
1577354601
475499704
546864493
260033
1355641856
559843733
1390360642
430429982
425552079
64071414
943158101
1062932346
137347911
531268862
457502362
334441085
1605030929
499552454
505112055
64949873
804297640
104808747
571527885
200831839
141860024
764769654
325570917
876514835
171193611
1634734
755940457
251442550
480715945
1754716469
416991950
189416298
442727733
657379489
363499193
267762659
473648979
449896701
792374821
1423035973
233893940
247733406
450646959
675594379
378234102
274430763
825268159
5214214763
102952441
208926861
819053554
1301028987
541437750
388030385
463302444
646372380
369018861
492715471
1183898548
1576759118
278730779
1446890081
846782593
295005991
43859752
5490736549
379629537
1848827685
537559759
270290212
1035138229
498787243
583839953
191861858
264188898
470459280
438521193
517559543
656013959
929930409
621470717
265055725
363225940
702328009
455910193
340618441
300272548
2113223367
667716833
1507982773
58586341
1965167071
1928888320
133230414
277586008
704984417
188368824
681717689
200437240
398820394
485229264
999260659
1029536815
621462394
114666909
477309059
796738346
1616138269
678151140
72266680
403401088
229973623
277887718
122013345
152628487
817393637
564859454
150323131
376153837
723894850
114379293
308358862
371553525
158124384
1899840687
1634269104
1000147881
893331750
1662466678
5476727276
269378107
461170025
5287804798
1720765197
189861940
462754015
5272760400
1750998803
1167059437
987656463
1453748730
1361448629
1273844459
891152132
107562989
5315714152
1580762885
5484101327
491009072
125528662
761862116
256933670
537637069
488278943
638442195
436284516
842796773
143250156
412561293
5398208677
823199194
1333425970
209802005
344511919
761759320
369831837
835929672
838110315
391639940
283964719
188496032
1549726706
1369706698
371282914
308235387
270570422
388499495
298754188
217715989
239373535
450955387
1736342875
269013546
130752672
1278105478
362569505
976168502
285832453
431170593
751750542
5540249981
131324392
370981865
581269607
222850006
69900878
5163890953
408641730
5587406305
331291582
1365566044
6387993
122342743
370052063
1509477841
1355514400
339726727
133667735
5467532606
421468350
72889553
529491204
504766256
966777534
283252552
559069721
263761684
253952606
210241902
1474491734
411074636
475751136
627118922
144531039
5416656774
858334528
726192355
652116494
547738727
2140259590
733574104
495475652
1093976571
610939610
243318754
1276603633
364293691
225322955
649159645
5361734141
76516054
1536564092
612221318
135229686
10994806
734196513
470604005
586195593
5226547580
1462844561
464642896
1015685273
143956267
281900419
818057192
511771400
248306630
186444685
250989643
494667281
123767427
60601620
662940222
219098112
513493210
419706047
1023370800
106596144
228476967
506681389
263490785
710871004
325495632
244986503
453565850
473354478
851349742
187286897
416950249
203831161
101730753
185318316
993574579
478479806
249373893
456567967
186411998
372944859
553919245
503847262
348169607
875177742
758780643
1604986445
5187866385
2041719446
370967617
696210849
1605692359
1940717529
141575194
325094475
1839836583
133389050
436042031
465288329
413003940
374734707
216419125
755353231
248037615
660788742
201551749
380280602
802160367
391745243
1668442001
1909513230
454302673
1040762365
1728496988
404446166
310242343
453036968
278255017
1706384323
128041514
808961561
525679712
535949284
1658004745
1292510801
1731339682
1797890764
348006218
442763400
127826887
232932415
390702961
50021952
268166221
232961864
644763634
763176533
5558181450
123505887
1285310740
512815127
265923661
828398613
1062023216
237899794
768664852
446121715
1019082241
156954676
57145257
1476180064
256463970
1837506305
877256929
329124946
247634066
785375382
366894419
257846269
485263010
5763425143
647345605
1075929228
924691133
116414212
514840164
1593040222
384952266
573016731
5795456474
974936343
421798235
135792209
1842051794
681689449
187729624
514399510
8484977
40361390
276587129
305702361
481814617
1013382298
87803135
877745713
5343449600
184624814
2088669487
201274439
755300790
262645584
406300110
396585275
181677885
725394775
433493201
794114801
385010954
698530339
478542220
1147271244
1048100270
290498931
759729115
1604091361
440636689
423580949
256188378
611260702
85357271
506862065
53609816
5418587572
183988561
108260917
1008419119
715786136
1200372135
325222201
5684827035
938609179
5594831656
448644664
314723531
1551979857
460447221
1122624383
1006697934
5187275645
1228619375
704871767
5261129662
1787919430
5494157864
1306678770
306739818
1110489668
507861036
766998469
1093293674
354535999
244024265
1706621350
486946827
722962001
236759627
546077005
405846683
1899212014
907531290
432028719
1151001673
729349034
1387438507
394160273
425419747
5794029183
1125376152
170160280
325045669
322623439
405084765
808636175
1040831356
911212388
5548624284
304701359
451580081
685985871
1104835655
506386960
1325497075
70485933
250947131
607698339
897271497
409117802
377915032
542513533
326331893
5466598884
893006416
358236811
466938441
40890332
1077929772
412055674
478754221
218854254
1381481438
1680352946
794693165
787217008
458849788
1466932
447273161
1115056708
1004071015
136251136
536731629
211985404
147545537
856688288
643392076
1338330758
5535157378
5554951270
690344699
1028902051
498881802
488398348
1781498747
76561166
465046244
1083214272
67661011
323412160
322632498
672868759
1312922780
1157445860
1771007170
628044063
5037982616
449710805
313301459
515121718
63376132
571346354
320954346
151516472
465273570
355866373
945409672
930544067
612816711
419054017
296387373
377005937
513700604
440255281
308309666
1849553358
280878031
821779510
419473021
500817834
277819656
1127343549
915232826
854299189
406860334
718011693
54172563
261695447
213063824
1996572997
1297503042
5513365736
683078312
332719395
1625032540
5798115687
910235125
850489544
141939717
2131824596
2124402391
2358090
485572724
302868218
367116658
502763196
258424704
534264376
424401133
195230657
235629837
422855711
229867627
427052825
255393529
634831616
332125630
333416187
1432444049
104576102
5455877859
641886254
5290729028
163448044
537566682
572002029
746776740
492699451
521968415
400732257
487344382
180481686
849960646
5343042054
3250428
176707252
165731039
341693940
423981835
849387344
1370703401
166633085
674639227
709938844
134277149
580678540
731422981
1982564047
418131790
1736357532
552495973
882719368
114390387
519926896
698583318
443284665
293099079
881184714
625166146
198482374
1893491572
332237244
302175339
520848998
5589020571
947430274
416271481
955377097
157005390
272652786
348818488
1347206641
361241410
695397629
1173536239
337246366
735173882
2062997563
154477326
387231124
214803255
333875038
469881025
809864719
496495266
343327740
195829482
1809486186
805846017
531899104
689985882
1195498584
261141742
1464861238
350845707
190866075
432985186
797910499
1892565
751861462
322274875
459230529
447891816
101389344
456406814
383947156
194236851
900228068
331252087
1258410307
2128
5600681119
5772181720
572100942
207845442
135852278
243135107
1283997244
1014291955
196785349
360018903
123866295
2098591293
284936402
199098947
70563745
239562809
838551216
683466681
442829604
80662816
1149787258
5538100735
1416135244
2763287
694696831
659952228
513939825
5594494982
210787766
638946863
149507911
2091429441
474304789
1310842864
481922716
714987902
822641035
809935471
316929849
900035843
5018017918
664870595
1242667856
292179452
197125412
325164061
989077636
145586498
264313382
549730826
534834154
52482021
297024109
77371724
617124550
313744673
987523777
113342523
451227783
326326421
88761392
621588414
502866855
1281863323
393382429
498193159
1480645363
154921324
532779328
5668347015
574976441
338175053
261174850
200812605
1670830885
188259178
190147242
97031447
5366150584
273002837
252807720
333966872
5118802950
382408237
497335446
485593881
632730597
296069617
422017694
890897185
765044382
720699899
39450225
261579584
885237995
245193092
208362903
1744251275
782969314
724598367
450267784
51922138
402745565
311106321
401233024
269343293
527748398
2058908594
5122735382
316084893
5324272695
704318873
116505544
207112526
109529656
482870372
5331862827
403248839
672465908
511780889
467551138
155052624
149956060
359238083
1598789590
909743129
861188427
696175762
130461624
444401360
491635704
35135899
1144442823
855124445
5750984847
422950025
2133991043
747985247
501895249
5491975796
460502647
1918709352
417711706
359133720
421158474
458739185
547315778
783756695
1171207658
233130935
495023348
645174863
254404032
5082446606
489110331
388617060
315928107
760073023
924893808
321813579
1021589822
643388832
353480644
288065850
650216615
367750233
565678175
684876610
122500457
357091560
51531235
5733886197
836253359
195337359
824364350
547441005
33761550
990928
76124091
110353261
49709392
150446054
1818251349
2078677058
2058438318
418688907
118672975
211984516
170472884
739270834
248805943
89142918
502039634
22970420
377662514
283305851
363936351
899762254
5128718260
1384452543
5830028729
543659922
1001451642
750186805
934539014
566946308
688522690
126206736
1293296499
507028581
413537599
287511406
499918445
269855385
400951726
204392981
452600795
286279414
290452271
131248835
309561180
384726621
646354909
5835821624
215097219
360556102
606174532
321292356
456005303
449639375
1021748943
806967349
428336217
2521417
671382236
1295100909
1654367519
410268911
604380263
657070338
708955004
228761128
723894755
1012120787
1297923093
219764479
105140456
779622578
290658101
434514853
455111188
200955320
1023019122
5581138981
718042981
5566242235
370023001
147126234
356864030
616874149
354962059
178687343
1172578974
360716525
1312455667
774114527
862263208
792501294
462638887
3005842
984413009
347615829
232961774
1018260364
1782503180
782364370
160346122
319021465
424109460
153317889
183472973
5888916085
637964611
125443036
1144144876
596834885
327048995
478221882
62501043
1955170248
1213618461
471701100
545517035
860916983
963768571
422604769
678717559
425422735
5064388200
198075432
688740852
2032893098
178188001
546172300
1790309378
512729361
967372588
510346385
1836175108
728476897
435037877
497647366
993434844
495926567
329592854
1825344258
1576031384
448324637
666441777
183641001
381504935
1009937966
5173911210
239729134
977903647
485233627
1314604789
136204717
318294415
156375995
5161805378
489494526
349075562
129447220
1837568830
1036271515
5490128324
66581070
54664285
5789409863
368293855
5567223791
473428059
226691025
5899788364
1931426466
126184349
110631744
5750054343
13662150
587196586
450069924
798247808
5967598811
117962977
285456186
358961594
771226897
1094001683
5582630709
365339703
5282887635
371331860
770177336
351934048
5916297239
297130305
10016131
726885196
800292666
238862056
183962927
498785127
444311123
983078831
5683787182
5356868422
360730416
355855597
693078230
487626108
247100206
927018171
1026635549
575815221
412091912
5726459530
916491205
270704288
5861563653
2074263
2003255961
476689219
683048424
204248539
934925325
846253956
219182572
742133871
490933137
319303521
2134036478
1333807597
1037420053
625722484
535188027
257181668
336242532
937277208
734615557
1969763137
138345222
448166171
1752641311
426216102
847649362
519003425
397456138
397937381
440805592
58809680
5340302020
623650148
308622600
5961931566
79636873
5671823671
516921976
1158998870
1157044721
285939938
931620765
895440694
968306762
389292676
982991969
383382698
146720417
440923613
396808754
139324495
396267813
5470847420
1346988349
5510039849
407046697
342627006
5114356326
1729378194
552652091
160071736
382537637
36526
326029223
928751755
978066066
442518388
905706292
281231111
279560486
833830846
443610747
598595974
533225702
5958343441
182508419
529479950
1129328152
314929371
563524616
684979375
1434699043
1957429320
974980566
1022907094
5144728947
594263564
992765285
849833149
500169920
361133268
5816361349
198685350
752862929
807495447
1202766948
1851280789
1270563367
332419301
5663705536
5621202889
528342254
387142441
893309785
779123467
1542820616
1744513130
621031479
425046138
277684942
500324966
1534734612
141313621
681983871
471731835
1666835843
99040764
822979891
5361911
5148443488
5567944215
674485068
257477247
129814729
526756309
444047661
676318943
1167129799
152875848
273052403
379813900
162381509
867514259
716018766
1126305265
85391894
1354718375
5869961731
919585056
949783516
468378202
694608715
1204892550
462449141
134954294
193381953
5180340169
575048195
347955482
212136289
158167625
1386759767
452996538
270729439
5009182552
381401063
103598754
262562336
5837099062
6150282927
390427918
551446202
1513409167
490712717
354453453
227522525
477435794
649558017
5319793477
464278330
158189509
92392542
406711997
92178583
145635878
1128354115
1389826313
489026967
635874927
524836127
647910312
346573079
305511615
1464995910
2014787570
266934777
5586412326
84059687
246621711
5589714169
492680030
5569684381
1437741565
184328495
1050893395
1085255776
706956661
425953834
892818773
221851934
589642080
5622495876
901101264
200917611
811750245
5819796712
956610692
138280951
5261260625
312498555
376931436
564680006
202493898
201711103
788289708
627635260
215733080
2102623372
527977951
243456292
327929279
486273635
193973106
64797457
1222422592
478138168
1721384211
457698546
1812773738
915342486
556095182
254306620
385424419
1105105523
1009815863
224516518
341861125
177638948
258678876
1171681097
1272096682
336191908
492659501
180808347
755762029
74188452
1462589292
122958378
634233441
771611531
535568627
258341489
1995545591
580188337
696006494
1641110472
5813188662
1417179429
69582772
5854980517
928533577
949375973
365715698
560568318
582297237
860131328
712039534
792605858
306300766
59929167
1084680487
5323663722
42791670
298022256
656395355
1211812141
427055502
524083185
125122476
532879746
1146151907
220233834
694670601
5104335740
885403614
527660427
276704188
403189154
772228655
226018207
169966726
159818453
766700130
306998112
5795082902
233365844
6104974940
887574741
485336120
474905622
448529698
185039225
5792738210
5745414062
367059075
969016065
469547
5042634912
5912157364
1135548324
461606622
704368337
134391677
611749251
6078811802
246632087
1221242291
6043666171
427013222
357282961
860198834
654051857
168409575
810718024
360069614
966219657
433615230
220583117
5448225835
1231941041
1286253200
477042693
358183929
236825670
5786797374
765666888
5264363723
254282848
726147562
386490351
495908377
276471388
701455391
1161156430
265944200
897113152
412070258
706574754
479406
431196499
356142864
372239521
73549530
370675303
5203041311
305976531
621289943
1532229230
6175661001
77824318
360980303
451155539
302021420
268034561
962525729
525667657
1414565296
156734771
252479579
510830106
192196854
5807220584
1025576277
447051740
291400120
502561201
238634287
1126430005
493077455
1096463072
5365717876
995287197
412153212
372569803
1233230550
1497435827
1035481023
5147457172
630321581
1386948930
439924549
445425395
437961647
1698142708
633569952
1741294851
2074666882
5520239496
282429115
5058848397
729590162
71219230
530667435
525847088
334092521
226989883
636077068
1701509038
441954738
341348844
275376163
28196504
90193397
46748251
527745041
1146716765
742745027
159080036
122527135
634225849
407412335
398461734
489014553
430728015
225296538
5734717348
448121273
47888644
702295868
1453926356
1271806411
398930868
748541191
6284787980
372902085
317549628
303792669
437501686
726268582
483347579
413524583
693259508
1620312285
381947699
128266747
440703913
838920806
270469344
398632274
577263948
428228184
949797516
75440724
260130180
518568996
110497094
71727196
86606803
506423831
338994363
376644500
5769950936
665021529
450110968
31565237
514195918
380540322
927703640
1033112281
879129800
1307294259
600983636
336714812
856144330
1148974809
513603214
899370164
5923810821
5037165251
68616397
1043074914
5915080526
789123105
196213108
321008594
1863373
447342567
124401917
1161153073
288735596
247352587
329217224
321162351
205907713
1280271732
515959300
705813124
470761164
995400150
334031453
791210270
1879657260
1072572930
525804910
5932264265
488205568
941790255
210846719
271303061
1373700118
683379910
215845344
208791830
244100197
265459895
880059744
363407745
260873346
881885512
524089270
98834075
6272396307
391139209
599928049
254452304
652484167
867470485
495360671
642724802
128334277
1357920029
292447717
505274057
380831067
445559730
1035914035
1207674810
490678461
706441337
58510315
82447817
447314988
1236442116
129908069
456281896
338978223
588522111
788434659
417672191
5944209131
453794415
1288899660
824722320
1804781694
90596444
233817949
713622891
1009847917
6221453531
173516213
328597150
1650573791
958349291
560778894
237152030
110338187
365681616
101940721
191922981
821822864
1748802388
75952354
78214950
530035402
511359482
403194006
328922482
348590805
778469282
1315809211
544835691
242990624
400953351
324912212
980882128
214162587
6011121681
62310282
639689037
1447425890
1701383469
776874766
206111085
782890344
634357292
1162052504
594685728
5373468287
413895505
176892356
6031122910
458882248
817037676
1002982506
6145125935
171778228
426717314
1989845930
1972395728
5213114950
5808872329
1925143948
1290861242
2057251535
5508901956
430649982
145199781
1281294228
398273851
325622927
149533954
1311763908
208926344
849183888
482637993
294623302
1780212333
1803179391
1026790778
1057014201
1020668531
325997934
1331742467
1352251254
349148823
1448024821
374257383
466749097
6294132948
151978320
505467850
1972677462
365603640
675560320
824699926
1188261712
5988312595
333506082
566509925
185886636
781153306
345161153
642326385
178254473
426870834
1737941283
1798044678
1625951959
1075347908
5352172250
528996153
409995141
678945482
1820837787
42854523
1104906211
536459469
1647303257
1003765204
501638100
220777380
6271667054
1384510106
950250814
5240157577
40687350
293052048
363198214
455547803
5696915925
829434290
275684532
1013305586
399438232
1127169540
6060303748
458317172
284186557
999754820
1316340568
470672530
676557244
910738135
524949159
403586023
251261696
5116886275
711396194
244879061
372703562
712331303
249479528
377377794
620412291
464926400
304266131
834513880
470168430
890926171
432872863
754217374
610624987
422827149
1379957432
5603006549
327324789
870560354
6186647881
196714176
402666721
5515993711
476057562
1180631464
656127054
86014326
1075477759
1004263357
625909408
4005674
5090795138
941572542
860815943
430070510
1586330290
331389683
528122798
453888646
128484938
809855947
203524857
71011918
615160271
5904930042
411132328
641112894
473506622
477319165
297352896
1372829512
237799524
1094512756
406838809
171635952
594802278
426575389
5186324298
332745825
1511834048
761900818
720921285
487520555
1396465
6092875215
604878527
571853849
470356856
5809703401
617449098
784570394
239822363
230901479
1037559544
821922861
698773408
826993680
476871569
277698201
194022527
2013895388
395182694
471311742
639808580
1271678911
914640112
5057017010
1651684
572571025
434238631
554307940
340168232
40374575
407228026
1254849279
443672682
174509163
5316660381
5113458944
130655401
339897801
141284166
5002787685
1665177324
5255462383
5960993588
2052380793
866232404
58389216
840638420
658340742
5250118116
928457537
1751262282
153653294
727242895
290990651
221837150
419203002
1168367689
311218131
923188716
437879109
417555916
372408074
567464
926524969
737595800
1044765034
262746820
6071646001
1384811524
669749802
850666980
663918651
228942642
58482552
429527949
887321851
1209995416
872266215
270162796
6254611531
273948931
108464376
68147901
668728323
5664047368
890876763
184086045
462643616
574922762
109480206
413493255
420099810
426867232
304804208
477423314
1098291358
601048324
767964284
828003963
877718439
6184838484
886005555
754457756
495437293
784715019
1877452636
1496075639
115476419
519006157
362773393
1192801724
38447123
458766349
337482311
5170238443
46430255
532712951
460499468
181433066
362303982
110324839
5556855768
48421840
963732064
5479927144
1034951103
1602554737
262671471
346826708
668823773
250068801
568141287
928426827
994816480
770757834
824628419
868724258
932714506
696554240
1822726
789486665
220116773
322456123
300590026
117705970
1898857927
420743578
885542072
901109366
804674173
294333319
1351895296
277911131
308934625
924876763
962865830
1127596546
162011519
1114902564
1023183432
178562380
444085397
1991224188
303445643
682672781
447999564
257971104
568196846
926107974
385130945
258741765
5989158484
1080898370
1787557794
650030828
1276208704
858987105
337537801
224827738
333611878
6162243280
894918348
1548047730
437750489
184694389
749061442
214514917
290064723
225368262
905843053
1060611697
1030689181
420328398
1126029547
192417976
5596492982
190482579
5387678402
487608326
196540745
483292235
433356808
783665355
155123964
437755962
402865782
1010120931
291692866
961372820
1366904702
338469370
1076141047
742450216
286441388
1495265548
697119914
272285289
6943663409
5102631465
1590094084
150450850
348637976
367701435
927592546
-1001752641311
1611246646
1888876938
569920617
893879128
1349595942
442251369
-1001787557794
571955771
1292867881
5105842255
278119967
807741474
1047563016
542187569
5105597172
5868154469
947463064
124233083
224877326
689826510
965776196
1291872178
177735187
43514586
465187705
286513398
129710672
178129081
753615
-1001568817860
-1001632569361
680552775
925319588
300900622
276909662
963216652
5186050212
347827069
97035502
372064992
406043419
432828258
1191472100
42200742
6316798280
20729352
248023362
281459879
1127232380
265052285
35067302
514382402
526974615
360631747
952471753
5449143318
5016001758
638234792
64832720
1166253872
6014552912
506358155
6172427177
44875451
513761273
30224146
448362178
801531377
261959119
644882527
955304769
881408723
837440332
220201887
80778709
198489374
207789171
481715395
421214746
618594084
371556358
739295583
1387508008
431680589
418828510
401431095
457889604
52195366
1765258795
57650416
122886003
232315199
416655151
-1001682638441
438743868
911384187
721365628
5286863515
694277162
317277992
383788578
1349934990
1017021154
456197651
680115468
133394928
809012012
870922502
5573289915
578222618
587485776
633871756
516756101
420683472
281469574
784559520
1186051456
520958756
540268380
5794443008
241154130
915876819
504212824
206243069
299685211
186713976
89216602
332302693
392394618
213999118
1305940693
384607787
1097523949
354218859
6482190736
193052474
1078745906
-1002131339865
368600864
379476657
-1001717582348
380794755
355489870
685661315
1375425182
280785400
431516
6134711484
201444635
1479320704
1811992459
422806793
-1001646511362
1470977923
251732177
327427841
230443541
1886640686
50179005
718212664
186484876
118435743
728394528
501252046
249953484
958546052
706240023
-1001801466871
237189210
119893362
-1001731339682
852686432
50116410
575782296
190032097
1825672785
449348585
6103616564
455106292
5624649773
100116667
-1001806763185
457539754
66938570
210649521
187516244
1111101809
1055538815
38913828
534268241
142837400
1047772334
5980190216
291034306
931701436
1646687203
489781281
5492076653
96057193
5575265487
698818079
112471604
239578004
528048288
260432375
493522631
296569443
300884008
501341692
470709096
201898839
347018795
562526459
365933379
470039295
1831312319
851210783
465323294
1458114054
5141233385
1428039554
5456317480
432401565
315125632
7980440
426945828
474885749
870130546
1893211463
306562182
125594833
430619261
806806273
220340386
708064795
628870875
541008114
1095897746
38230171
5864975897
1819633001
5485334462
270025635
715422775
921004457
121961810
185619248
1417385481
182618676
38230171
43117426
723014
1417385481
121961810
5485334462
1095897746
875773
728159965
432948741
837351359
609571004
148393910
74746355
396267813
344529008
65341407
6614232924
2017532836
422806793
76126045
2019882848
1123088877
5454392428
84039517
240892786
183812186
309903489
353810059
1731293541
980045051
898600448
3466698
119393998
262671471
484577829
272328579
438227831
634854485
110190159
430861769
681569388
431319249
565391045
200114102
234583347
415244
190625154
216994147
6319460926
122510725
6427075115
46910576
234325520
969055305
1855201
407014550
234832792
301521563
64832720
178503957
201770861
282012418
179775452
420904247
858138359
292126796
932368692
532510956
1884197228
501770380
327976753
1543327375
120050682
503421669
133100773
38434589
474042508
809012012
6352363131
136683316
904321732
184582206
99960681
396617221
390837601
44710128
744648196
456771797
124189718
333268058
640173412
109113196
186713976
779311090
5081182
273710363
522463608
206343557
109405799
322989183
14835038
847541096
318354809
47319110
96217323
1361012771
6357721498
553966879
741651706
1502101907
6380263141
367186974
2131984686
546796970
632151824
1230480769
46143938
1196183629
78169283
476199692
958398504
114104489
241519687
135275851
252327956
361979281
150559
95242330
433709040
88834504
235757544
166898548
1854602185
354857357
440255281
800523
530866064
582020264
587635082
346930679
1539694110
1801677115
-1001897200577
93212972
1791818300
6104658889
358053076
530735
1761984533
111042391
787499304
38640557
1101791276
252362260
2139728166
6605533911
1034201463
5915018746
1819633001
308442868
6386510205
932333860
471756639
489197056
351788701
122190634
448118527
124537360
593404501
621573250
2031676848
1500679425
269014742
783897222
93602409
57285699
240172514
5158004202
5433135121
996074146
410476175
514900129
226362915
307400165
-1001432912776
1832768174
5243367257
317419317
5499512921
478279939
114324829
6315242790
396665
412693619
62311605
128159817
5276845679
167731277
5287156764
5780737741
124481256
554378930
367448547
194204985
160931008
3425955
846170208
755641565
72495727
56364325
1771207
104327226
396617221
691941740
460212994
353482391
1248649835
239572438
992821866
802769911
6570569162
5474045700
6324277856
454897867
118217463
91867530
475900555
355903639
1091327536
115882820
396499643
6236948335
236504763
412904298
454948677
6787351148
223138742
357869332
4251653
216396969
6374640807
231725964
6102292898
421903919
558524652
456094128
438741649
275277142
411471235
151242079
1970213613
486594571
807654577
792754827
729362937
1547949716
6784105732
143871296
284010718
1072841755
262288285
6646599442
435350201
73598440
21952846
335751441
6217096106
979248096
174947432
1063590123
5423181104
98558542
5456972261
481364899
489967499
12434315
1850946027
476173162
344096611
1953839392
282906642
602782379
639906474
387253599
539855238
6421040114
617543687
383362686
268248584
202126074
386129602
53175760
404371014
487731089
246955584
483554886
480224079
1037236636
256232654
347294834
439000202
1447323761
1401289905
852926697
326504093
100456404
6043280783
232587297
641451552
115904574
449350841
422498296
6608582544
95784419
1400970707
671552450
-1001542820616
773661341
185616521
185467348
476566503
1049597679
95818800
237558922
45749188
103187867
351258875
158650409
357410790
410373658
513267575
409650655
488565832
96801567
302407555
168722786
225460800
739952114
245137847
188640306
278810318
450766878
607619433
1081292572
377749722
5903453429
117039960
1924108
598794274
1579459354
633498751
163201878
91265916
415212480
555836328
368473315
141288665
479375157
91490475
1395253289
1420304115
263888355
807441775
174054041
1184910792
1848492692
1019417053
190015248
259245889
168518458
1439202399
5749245745
287130242
902582088
1208238606
343321219
437096245
1466692941
1596396269
1839377887
526156786
955321091
742768417
722412883
315207431
1012393171
5808403179
6620754818
6399259379
6303239709
6708038385
863396813
121250082
5285561662
806977312
181005430
1202428183
427331815
1081139536
121465458
568860659
151699369
49341523
517584119
962053229
6645669559
396484318
1902456952
802510572
-1002120174658
287673474
630089761
218636460
160192215
740496
187461385
410699178
206898810
277449603
255741923
980404184
672993879
468785487
96083455
309869729
570419780
5994965834
457261683
86884100
6197881085
970145638
6532500313
5812218645
6946509628
5750768348
958396987
114488299
414425140
6574529177
216914140
37493006
299382339
1081251709
204460477
1194794774
521808652
399089761
6794996329
256592759
6260872739