label;contains_link;contains_stop_word;contains_dangerous_words;contains_spam_words;contains_special_characters;check_len_message;contains_words_fuzzy_not_enough;contains_сapital_letters;num_emojis;has_tg_link;num_unique_symbols;num_special_characters;num_capitalized_words;num_exclamation_marks;num_question_marks;num_uppercase_letters;num_non_ascii_characters;num_all_caps_words;num_unique_words;average_sentence_length;num_emoticons;contains_photo;contains_not_spam_id
1;0.15;0.0;0.0;0.0;0.0;136;0.0;0.0;0;0;30;24;0;0;0;2;0;0;23;1.0;0;0.15;0
1;0.15;0.3;0.15;0.0;0.0;62;0.15;0.0;0;0;37;8;3;0;0;15;0;2;13;5.0;0;0.15;0
1;0.15;0.0;0.0;0.0;0.0;48;0.0;0.15;0;0;31;9;0;0;0;20;0;0;8;1.0;0;0.0;0
1;0.0;0.0;0.44999999999999996;0.5;0.0;146;0.0;0.0;3;0;45;14;4;0;0;5;4;1;25;8.333333333333334;0;0.0;0
1;0.0;0.3;0.0;0.5;5.2;551;0.0;0.0;10;0;104;23;27;0;0;99;94;20;80;17.4;0;0.15;0
1;0.15;0.3;0.15;0.0;0.0;67;0.15;0.0;0;0;39;9;3;0;0;9;0;2;14;5.0;0;0.15;0
1;0.0;0.0;0.15;0.5;0.0;698;0.0;0.0;1;0;67;19;19;1;1;54;2;8;89;12.375;0;0.15;0
1;0.0;0.3;0.0;0.0;0.0;36;0.0;0.0;0;0;23;5;0;0;0;2;0;0;6;1.0;0;0.15;0
1;0.0;0.3;0.0;0.5;0.5;27;0.0;0.15;0;0;21;1;4;1;0;23;5;4;4;4.0;0;0.15;0
1;0.0;0.0;0.0;0.0;0.0;40;0.0;0.0;0;0;24;7;0;0;0;1;0;0;8;1.0;0;0.15;0
1;0.0;0.3;0.0;0.0;0.0;39;0.0;0.0;0;0;24;6;0;0;0;2;0;0;7;1.0;0;0.15;0
1;0.0;0.0;0.0;0.0;0.0;159;0.0;0.0;1;0;32;3;5;0;0;5;1;1;23;8.333333333333334;0;0.0;0
1;0.0;0.3;0.0;0.0;0.0;47;0.0;0.0;0;0;24;7;0;0;0;2;0;0;8;1.0;0;0.15;0
1;0.15;0.0;0.15;0.0;0.0;161;0.0;0.0;0;0;63;10;5;0;0;20;0;4;26;7.666666666666667;0;0.15;0
1;0.0;0.0;0.15;0.5;0.0;662;0.0;0.0;1;0;62;20;16;1;1;52;2;7;88;11.875;0;0.15;0
1;0.15;0.0;0.15;0.0;0.0;142;0.0;0.0;0;0;59;10;5;0;0;30;0;4;24;6.666666666666667;0;0.15;0
1;0.0;0.3;0.15;0.5;0.0;681;0.0;0.0;0;0;61;17;18;1;1;53;0;7;90;12.125;0;0.15;0
1;0.15;0.0;0.15;0.0;0.0;143;0.0;0.0;0;0;60;10;5;0;0;25;0;4;24;6.666666666666667;0;0.15;0
1;0.15;0.3;0.0;0.0;0.0;58;0.0;0.0;0;0;27;10;0;0;0;1;0;0;9;1.0;0;0.15;0
1;0.0;0.0;0.0;0.0;0.0;40;0.0;0.0;0;0;28;7;0;0;0;3;0;0;8;1.0;0;0.15;0
1;0.0;0.0;0.15;0.0;0.0;152;0.0;0.0;0;0;61;8;5;0;0;22;0;4;24;7.666666666666667;0;0.15;0
1;0.15;0.0;0.15;0.0;0.0;151;0.0;0.0;0;1;56;8;5;0;0;19;0;4;24;7.666666666666667;0;0.15;0
1;0.0;0.3;0.15;0.5;0.0;685;0.0;0.0;0;0;58;16;17;1;1;52;0;8;91;12.5;0;0.15;0
1;0.0;0.3;0.0;1.0;5.2;685;0.0;0.0;13;0;87;16;17;1;1;52;133;8;96;12.5;0;0.15;0
1;0.0;0.0;0.0;0.0;0.0;252;0.0;0.0;1;0;66;16;9;2;0;16;2;1;36;4.25;0;0.0;0
1;0.15;0.3;0.15;0.0;0.0;174;0.0;0.0;0;1;62;9;8;0;0;35;0;6;27;6.5;0;0.15;0
1;0.0;0.3;0.0;0.5;6.9;700;0.0;0.0;1;0;78;18;17;1;1;52;246;8;95;12.75;0;0.15;0
1;0.15;0.3;0.0;0.0;0.0;189;0.0;0.0;0;1;58;8;9;0;0;29;0;6;27;9.0;0;0.15;0
1;0.15;0.3;0.15;0.0;0.0;172;0.0;0.0;0;1;61;9;8;0;0;35;0;6;27;6.5;0;0.15;0
1;0.15;0.3;0.0;0.0;0.0;188;0.0;0.0;0;1;57;8;9;0;0;29;0;6;27;9.0;0;0.15;0
1;0.15;0.3;0.15;0.0;0.0;171;0.0;0.0;0;1;63;9;8;0;0;35;0;6;27;6.5;0;0.15;0
1;0.0;0.3;0.15;0.5;0.0;314;0.0;0.0;0;0;67;14;16;1;0;66;0;14;48;8.5;0;0.15;0
1;0.15;0.3;0.0;0.0;0.0;167;0.0;0.0;0;1;55;7;6;0;0;21;0;4;25;8.333333333333334;0;0.15;0
1;0.15;0.3;0.15;0.0;0.0;148;0.0;0.0;0;1;51;7;4;1;0;8;0;2;23;7.333333333333333;0;0.15;0
1;0.15;0.3;0.0;0.0;0.0;43;0.0;0.0;0;0;23;8;0;0;0;1;0;0;7;1.0;0;0.15;0
1;0.15;0.6;0.15;0.0;0.0;178;0.0;0.0;0;1;63;8;7;0;0;22;0;4;26;8.333333333333334;0;0.15;0
1;0.0;0.0;0.0;0.5;2.9000000000000004;232;0.0;0.0;3;0;75;11;12;1;0;53;55;7;31;10.333333333333334;0;0.15;0
1;0.0;0.3;0.15;0.5;0.0;600;0.0;0.0;1;0;56;18;19;2;0;46;1;9;73;13.142857142857142;0;0.15;0
1;0.0;0.0;0.0;0.0;0.0;15;0.0;0.0;0;1;12;2;0;0;0;0;0;0;3;1.0;0;0.15;0
1;0.15;0.3;0.0;0.0;0.0;68;0.0;0.0;0;1;34;7;3;1;0;3;0;0;12;3.6666666666666665;0;0.15;0
1;0.0;0.0;0.0;0.0;0.0;682;0.0;0.0;5;0;59;49;17;0;1;20;5;0;78;9.25;0;0.0;0
1;0.15;0.3;0.0;0.0;0.0;58;0.0;0.0;0;0;25;10;0;0;0;1;0;0;9;1.0;0;0.15;0
1;0.15;0.0;0.0;0.0;0.0;23;0.0;0.0;0;1;16;5;0;0;0;5;0;0;4;1.0;0;0.15;0
1;0.0;0.0;0.0;0.0;0.0;14;0.0;0.0;0;1;11;2;0;0;0;0;0;0;3;1.0;0;0.15;0
1;0.0;0.0;0.0;0.0;0.0;17;0.0;0.0;0;1;12;2;0;0;0;0;0;0;3;1.0;0;0.15;0
1;0.0;0.0;0.0;0.0;0.0;12;0.0;0.0;0;1;10;2;0;0;0;0;0;0;3;1.0;0;0.15;0
1;0.0;0.0;0.0;0.5;5.7;700;0.0;0.0;13;0;90;19;23;0;0;63;127;9;101;10.454545454545455;0;0.15;0
1;0.15;0.3;0.15;0.0;0.0;153;0.15;0.0;0;1;48;7;4;0;0;9;0;3;25;8.0;0;0.15;0
1;0.15;0.0;0.0;0.0;0.0;30;0.0;0.0;0;0;20;6;0;0;0;3;0;0;4;1.0;0;0.15;0
1;0.0;0.0;0.0;0.0;0.0;16;0.0;0.0;0;1;13;2;0;0;0;0;0;0;3;1.0;0;0.15;0
1;0.15;0.3;0.0;0.0;0.0;125;0.15;0.0;1;1;45;8;1;0;0;2;1;1;20;10.5;0;0.15;0
1;0.15;0.3;0.15;0.0;0.0;147;0.0;0.0;0;1;49;7;4;1;0;4;0;0;19;5.666666666666667;0;0.15;0
1;0.15;0.3;0.15;0.0;0.0;151;0.15;0.0;1;1;49;9;2;0;0;3;2;1;24;12.5;0;0.15;0
1;0.0;0.6;0.0;0.0;0.0;68;0.0;0.0;1;0;31;3;2;0;1;2;2;0;12;6.5;0;0.15;0
1;0.0;0.0;0.0;0.5;0.0;195;0.0;0.0;4;0;46;10;4;0;0;4;6;0;26;16.5;0;0.0;0
1;0.15;0.0;0.0;0.0;0.0;27;0.0;0.0;0;1;19;5;0;0;0;0;0;0;4;1.0;0;0.15;0
1;0.0;0.6;0.0;0.0;0.0;68;0.0;0.0;1;0;31;3;2;0;1;2;2;0;12;6.5;0;0.15;0
1;0.15;0.3;0.15;0.0;0.0;151;0.15;0.0;1;1;49;9;2;0;0;3;2;1;24;12.5;0;0.15;0
1;0.15;0.3;0.15;0.0;0.0;152;0.15;0.0;1;1;50;9;2;0;0;3;2;1;24;12.5;0;0.15;0
1;0.0;0.0;0.15;0.5;0.0;127;0.0;0.0;0;0;55;6;13;0;0;23;1;2;19;6.0;0;0.0;0
1;0.0;0.3;0.0;0.5;0.0;89;0.0;0.15;2;0;43;3;5;0;0;30;3;5;13;13.0;0;0.15;0
1;0.0;0.0;0.0;0.0;0.0;14;0.0;0.0;0;1;10;2;0;0;0;0;0;0;3;1.0;0;0.15;0
1;0.15;0.0;0.0;0.0;0.0;414;0.0;0.0;7;1;44;24;8;0;2;14;12;2;29;9.0;0;0.0;0
1;0.0;0.0;0.0;0.0;0.0;12;0.0;0.0;0;1;12;2;0;0;0;0;0;0;3;1.0;0;0.15;0
1;0.15;0.3;0.0;0.0;0.0;67;0.0;0.0;0;0;29;12;0;0;0;1;0;0;11;1.0;0;0.15;0
1;0.0;0.0;0.0;0.5;5.7;734;0.0;0.0;16;0;82;25;15;2;1;26;136;4;107;13.333333333333334;0;0.15;0
1;0.0;0.0;0.0;0.0;0.0;14;0.0;0.0;0;1;12;2;0;0;0;0;0;0;3;1.0;0;0.15;0
1;0.0;0.0;0.0;0.0;0.0;13;0.0;0.0;0;1;12;2;0;0;0;0;0;0;3;1.0;0;0.15;0
1;0.0;0.0;0.0;1.0;6.9;666;0.0;0.0;12;0;102;22;13;0;0;67;139;9;88;33.666666666666664;0;0.15;0
1;0.0;0.0;0.0;0.0;0.0;12;0.0;0.0;0;1;12;2;0;0;0;0;0;0;3;1.0;0;0.15;0
1;0.0;0.3;0.0;0.0;0.0;287;0.0;0.0;2;0;47;7;8;1;0;12;4;3;36;10.75;0;0.15;0
1;0.0;0.0;0.0;0.0;8.9;930;0.0;0.0;20;0;103;40;27;2;0;97;187;19;132;14.181818181818182;0;0.0;0
1;0.0;0.0;0.0;0.0;0.0;143;0.0;0.0;0;0;39;8;1;3;0;2;0;0;21;11.0;0;0.0;0
1;0.15;0.0;0.0;0.0;0.0;19;0.0;0.0;0;1;13;5;0;0;0;0;0;0;4;1.0;0;0.15;0
1;0.0;0.0;0.0;0.0;3.3000000000000003;902;0.0;0.0;14;0;74;31;26;1;0;47;55;8;114;13.7;0;0.15;0
1;0.15;0.0;0.3;1.0;0.0;859;0.0;0.0;3;0;80;31;8;0;0;27;7;3;105;27.2;0;0.0;0
1;0.0;0.0;0.15;0.5;0.0;190;0.0;0.0;4;0;42;10;6;3;0;6;6;0;24;9.0;0;0.0;0
1;0.0;0.0;0.0;0.0;0.0;15;0.0;0.0;0;1;12;2;0;0;0;0;0;0;3;1.0;0;0.15;0
1;0.0;0.0;0.15;0.5;0.0;547;0.0;0.0;23;0;78;24;21;1;0;96;149;15;71;17.0;0;0.15;0
1;0.15;0.0;0.0;1.0;0.0;392;0.0;0.0;0;1;66;15;9;3;1;29;1;4;53;9.0;0;0.15;0
1;0.0;0.0;0.0;0.0;0.0;12;0.0;0.0;0;1;11;2;0;0;0;0;0;0;3;1.0;0;0.15;0
1;0.0;0.0;0.0;0.0;0.0;254;0.0;0.0;0;0;40;11;7;0;0;7;2;1;38;5.857142857142857;0;0.0;0
1;0.0;0.0;0.0;0.0;0.0;13;0.0;0.0;0;1;11;2;0;0;0;0;0;0;3;1.0;0;0.15;0
1;0.0;0.0;0.0;0.0;0.0;360;0.0;0.0;6;0;58;20;5;2;0;11;8;2;53;6.666666666666667;0;0.0;0
1;0.0;0.0;0.0;0.0;0.0;16;0.0;0.0;0;1;14;2;0;0;0;0;0;0;3;1.0;0;0.15;0
1;0.15;0.0;0.0;1.0;0.0;412;0.0;0.0;0;1;67;15;9;3;1;27;1;4;54;9.571428571428571;0;0.15;0
1;0.0;0.6;0.0;2.0;0.0;275;0.15;0.0;1;0;51;7;9;0;0;35;2;7;39;14.333333333333334;0;0.15;0
1;0.0;0.0;0.0;0.5;0.0;61;0.0;0.15;1;0;22;2;5;0;0;54;2;6;6;6.0;0;0.15;0
1;0.15;0.0;0.0;0.0;0.0;22;0.0;0.0;0;1;16;5;0;0;0;0;0;0;4;1.0;0;0.15;0
1;0.0;0.6;0.0;0.5;0.0;435;0.0;0.0;0;0;56;11;16;1;0;39;0;5;55;10.0;0;0.15;0
1;0.0;0.3;0.0;0.5;0.0;472;0.15;0.0;1;0;66;14;23;2;0;81;2;14;61;9.857142857142858;0;0.15;0
1;0.15;0.0;0.0;0.0;0.0;21;0.0;0.0;0;1;13;5;0;0;0;0;0;0;4;1.0;0;0.15;0
1;0.0;0.0;0.0;0.0;0.0;102;0.0;0.0;1;0;30;4;2;1;0;2;1;0;15;8.0;0;0.0;0
1;0.15;0.0;0.15;1.0;0.0;359;0.0;0.0;0;1;64;19;7;8;0;14;0;1;52;9.666666666666666;0;0.15;0
1;0.0;0.3;0.0;1.5;0.0;103;0.15;0.0;0;0;43;6;7;0;0;25;0;6;16;5.666666666666667;0;0.15;0
1;0.0;0.3;0.0;1.5;0.0;103;0.15;0.0;0;0;43;6;7;0;0;25;0;6;16;5.666666666666667;0;0.15;0
1;0.15;0.0;0.0;0.0;0.0;20;0.0;0.0;0;1;13;5;0;0;0;0;0;0;4;1.0;0;0.15;0
1;0.15;0.0;0.15;1.0;0.0;358;0.0;0.0;0;1;62;19;7;8;0;14;0;1;52;9.666666666666666;0;0.15;0
1;0.0;0.0;0.0;0.0;0.0;1735;0.0;0.0;0;0;74;95;75;4;0;158;9;14;178;6.255813953488372;0;0.0;0
1;0.0;0.6;0.0;0.0;0.0;409;0.0;0.0;1;0;49;13;12;1;0;17;2;3;50;8.285714285714286;0;0.15;0
1;0.0;0.3;0.0;1.5;0.0;103;0.15;0.0;0;0;41;6;7;0;0;25;0;6;16;5.666666666666667;0;0.15;0
1;0.0;0.0;0.0;0.5;0.0;12;0.0;0.15;0;0;9;0;2;0;0;11;0;2;2;2.0;0;0.15;0
1;0.0;0.0;0.0;0.5;0.0;131;0.0;0.0;0;0;32;3;5;0;0;6;0;1;18;5.0;0;0.0;0
1;0.0;0.8999999999999999;0.0;0.0;0.0;1118;0.0;0.0;1;0;60;42;30;0;2;55;6;9;119;17.0;0;0.0;0
1;0.0;0.0;0.0;0.0;2.2;300;0.0;0.0;5;0;53;7;4;0;3;4;57;0;43;15.0;0;0.15;0
1;0.15;0.0;0.15;1.0;0.0;363;0.0;0.0;0;1;64;19;7;8;0;14;0;1;52;9.666666666666666;0;0.15;0
1;0.15;0.0;0.15;1.0;0.0;359;0.0;0.0;0;1;64;19;7;8;0;14;0;1;52;9.666666666666666;0;0.15;0
1;0.15;0.0;0.0;0.5;0.0;131;0.0;0.0;0;1;44;8;1;0;0;1;0;0;18;8.5;0;0.15;0
1;0.0;0.0;0.0;0.5;0.0;13;0.0;0.0;0;0;10;0;1;0;0;1;0;0;2;2.0;0;0.15;0
1;0.0;1.2;0.0;1.0;0.0;208;0.3;0.15;2;0;56;6;22;0;0;117;4;21;33;17.5;0;0.15;0
1;0.0;0.0;0.0;0.5;0.0;18;0.0;0.15;0;0;13;0;2;0;0;17;0;2;2;2.0;0;0.15;0
1;0.0;0.8999999999999999;0.0;1.5;0.0;152;0.15;0.0;1;0;45;3;10;0;0;44;1;7;21;12.0;0;0.15;0
1;0.0;0.0;0.0;0.5;0.0;166;0.0;0.0;2;0;50;6;7;0;0;29;2;4;23;8.333333333333334;0;0.15;0
1;0.0;0.0;0.15;0.0;0.0;83;0.0;0.15;0;0;38;2;10;0;0;51;1;9;12;13.0;0;0.15;0
1;0.0;0.0;0.15;1.0;0.0;22;0.0;0.0;0;0;15;0;1;0;0;1;0;0;2;2.0;0;0.15;0
1;0.0;0.0;0.15;1.0;0.0;17;0.0;0.0;0;0;14;0;1;0;0;1;0;0;2;2.0;0;0.15;0
1;0.0;0.0;0.0;1.5;0.0;14;0.0;0.0;0;0;11;0;1;0;0;1;0;0;2;2.0;0;0.15;0
1;0.15;0.0;0.3;1.0;0.0;405;0.0;0.0;0;1;59;15;6;5;2;6;0;0;60;8.857142857142858;0;0.15;0
1;0.0;0.0;0.15;1.0;0.0;19;0.0;0.0;0;0;15;2;0;0;0;1;0;0;2;2.0;0;0.15;0
1;0.0;0.0;0.15;0.0;0.0;64;0.0;0.0;0;0;34;5;4;0;0;16;0;3;11;5.5;0;0.15;0
1;0.0;0.6;0.0;1.0;0.0;336;0.15;0.0;0;0;52;11;10;1;0;33;0;4;46;12.25;0;0.15;0
1;0.0;0.0;0.0;0.5;0.0;185;0.0;0.0;1;0;43;6;6;1;0;7;1;1;27;10.666666666666666;0;0.0;0
1;0.0;0.6;0.0;0.5;0.0;555;0.0;0.0;0;0;47;24;18;2;0;18;0;1;70;8.0;0;0.15;0
1;0.0;0.3;0.0;0.0;0.9;121;0.0;0.0;0;0;38;4;1;0;0;1;9;0;17;9.5;0;0.15;0
1;0.15;0.0;0.0;0.0;0.0;20;0.0;0.0;0;1;15;5;0;0;0;0;0;0;4;1.0;0;0.15;0
1;0.0;0.0;0.0;0.0;0.30000000000000004;18;0.0;0.15;0;0;14;0;2;0;0;17;3;2;2;2.0;0;0.15;0
1;0.0;0.0;0.0;0.0;0.2;13;0.0;0.15;0;0;11;0;2;0;0;12;2;2;2;2.0;0;0.15;0
1;0.0;0.0;0.0;0.5;0.0;631;0.0;0.0;0;0;47;24;24;2;0;24;0;1;71;8.727272727272727;0;0.15;0
1;0.0;0.3;0.0;0.0;0.0;547;0.0;0.0;0;0;52;24;19;2;0;29;17;3;68;7.818181818181818;0;0.15;0
1;0.0;0.3;0.0;0.0;0.0;540;0.0;0.0;0;0;54;27;24;2;0;45;8;6;58;9.3;0;0.0;0
1;0.0;0.0;0.0;1.0;0.0;544;0.0;0.0;0;0;50;17;12;2;0;18;0;3;70;8.4;0;0.0;0
1;0.15;0.3;0.0;0.0;0.6000000000000001;140;0.0;0.0;0;1;41;9;2;0;0;2;6;0;22;6.666666666666667;0;0.15;0
1;0.15;0.0;0.3;1.0;0.0;406;0.0;0.0;0;1;58;15;6;5;2;6;0;0;60;8.857142857142858;0;0.15;0
1;0.0;0.0;0.0;0.0;2.9000000000000004;540;0.0;0.0;0;0;55;27;24;2;0;45;37;6;60;9.3;0;0.0;0
1;0.0;0.0;0.0;0.0;1.3;173;0.0;0.0;4;0;56;8;3;0;0;8;34;2;22;11.5;0;0.15;0
1;0.0;0.0;0.0;0.5;0.0;621;0.0;0.0;0;0;58;21;14;2;0;20;0;3;84;12.75;0;0.0;0
1;0.0;0.0;0.0;0.0;0.0;39;0.0;0.0;0;0;23;0;3;0;0;3;0;0;5;5.0;0;0.15;0
1;0.0;0.0;0.0;0.0;0.0;58;0.0;0.0;0;0;25;3;2;0;0;2;0;0;11;6.0;0;0.0;0
1;0.0;0.0;0.0;0.0;6.2;445;0.0;0.0;0;0;62;17;10;1;1;21;86;2;62;5.916666666666667;0;0.0;0
1;0.15;0.3;0.0;0.0;1.8;160;0.0;0.0;0;1;44;9;1;0;0;1;18;0;24;7.333333333333333;0;0.0;0
1;0.0;0.0;0.0;0.0;0.0;93;0.0;0.0;0;0;26;1;3;0;0;3;0;0;14;15.0;0;0.15;0
1;0.0;0.0;0.0;0.5;0.0;1682;0.0;0.0;0;0;69;87;76;4;0;137;9;15;175;6.5476190476190474;0;0.0;0
1;0.0;0.0;0.0;0.0;0.0;477;0.15;0.0;0;0;60;13;7;4;2;12;0;2;55;10.833333333333334;0;0.15;0
1;0.0;0.3;0.0;0.0;13.3;506;0.0;0.0;0;0;49;13;22;0;0;37;133;4;57;11.857142857142858;0;0.0;0
1;0.15;0.0;0.15;0.5;0.0;278;0.0;0.0;0;1;62;10;4;1;0;5;0;1;47;12.0;0;0.15;0
1;0.0;0.0;0.0;0.0;0.0;441;0.0;0.0;0;0;46;16;10;0;0;10;0;0;60;9.714285714285714;0;0.15;0
1;0.0;0.0;0.3;0.0;0.0;184;0.0;0.0;0;0;41;3;8;0;0;10;0;0;29;15.0;0;0.0;0
